0.0
-0.07
0.0
-0.007
0.00218518
22.15
54.7
241.7
0.0
0.07
0.0
0.01
0.00213419
22.31
58.6
243.4
0.0
0.09
0.0
-0.003
0.00205408
22.18
59.5
242.1
0.0
-0.06
0.0
-0.005
0.00195152
22.16
61.5
241.8
0.0
-0.04
0.0
0.011
0.00183238
22.32
65.3
243.4
0.0
0.01
0.0
0.006
0.00170178
22.27
67.0
242.9
0.0
-0.06
0.0
-0.006
0.00156412
22.14
68.0
241.7
0.0
0.1
0.0
-0.003
0.00142314
22.18
70.6
242.0
0.0
0.1
0.0
-0.006
0.00128196
22.14
72.4
241.7
0.0
0.09
0.0
0.009
0.00114315
22.3
76.2
243.2
0.0
0.05
0.0
0.007
0.00100877
22.28
78.3
243.0
0.0
0.1
0.0
-0.005
0.000880447
22.16
79.3
241.9
0.0
-0.08
0.0
-0.001
0.000759381
22.2
81.9
242.2
0.0
0.06
0.0
0.001
0.000646445
22.22
84.3
242.4
0.0
-0.04
0.0
-0.006
0.000542204
22.16
85.9
241.8
0.0
-0.1
0.0
0.007
0.000446965
22.28
89.4
243.0
0.0
-0.08
0.0
0.008
0.000360819
22.3
91.7
243.2
0.0
0.03
0.0
0.011
0.000283678
22.32
94.2
243.4
0.0
0.08
0.0
-0.007
0.000215307
22.15
94.7
241.7
0.0
0.0
0.0
0.0
0.000155357
22.22
97.6
242.4
0.0
0.06
0.0
-0.007
0.000103391
22.15
99.1
241.7
0.0
-0.03
0.0
-0.009
5.89069e-05
22.13
101.2
241.6
0.0
-0.06
0.0
-0.001
2.13575e-05
22.2
104.1
242.3
0.0
0.04
0.0
0.0
-9.82919e-06
22.22
106.5
242.4
0.0
-0.02
0.0
0.009
-3.52368e-05
22.31
109.6
243.3
0.0
0.05
0.0
0.004
-5.54479e-05
22.26
111.4
242.9
0.0
-0.01
0.0
0.004
-7.10335e-05
22.26
113.6
242.9
0.0
-0.02
0.0
-0.001
-8.25451e-05
22.21
115.4
242.4
0.0
-0.07
0.0
0.002
-9.05081e-05
22.24
117.8
242.6
0.0
-0.04
0.0
0.006
-9.54172e-05
22.28
120.5
243.1
0.0
0.06
0.0
0.006
-9.7733e-05
22.29
122.7
243.1
0.0
-0.04
0.0
0.009
-9.78798e-05
22.31
125.2
243.3
0.0
0.07
0.0
-0.002
-9.62447e-05
22.21
126.4
242.3
0.0
-0.07
0.0
-0.007
-9.31771e-05
22.15
128.1
241.8
0.0
0.1
0.0
-0.005
-8.89894e-05
22.17
130.5
241.9
0.0
0.06
0.0
0.01
-8.39579e-05
22.32
134.2
243.4
0.0
-0.07
0.0
-0.004
-7.83245e-05
22.18
135.0
242.0
0.0
0.05
0.0
-0.006
-7.22983e-05
22.17
137.1
241.9
0.0
-0.0
0.0
0.007
-6.6058e-05
22.29
140.6
243.1
0.0
0.03
0.0
0.006
-5.9754e-05
22.28
142.7
243.0
0.0
-0.07
0.0
-0.008
0.0347465
22.14
143.5
241.6
0.0
-0.06
0.0
0.009
0.0686991
22.24
146.7
242.6
0.0
-0.09
0.0
0.023
0.100649
22.26
149.2
242.8
0.0
-0.09
0.0
0.032
0.129576
22.21
150.8
242.2
0.0
-0.02
0.0
0.046
0.154887
22.17
152.6
241.9
0.0
-0.01
0.0
0.068
0.175801
22.22
155.2
242.3
0.0
-0.0
0.0
0.09
0.191848
22.26
157.8
242.6
0.0
0.06
0.0
0.116
0.20265
22.35
160.8
243.4
0.0
0.08
0.0
0.121
0.208019
22.25
161.9
242.2
0.0
0.06
0.0
0.142
0.207841
22.33
164.8
242.9
0.0
0.04
0.0
0.157
0.202267
22.38
167.4
243.3
0.0
-0.1
0.0
0.164
0.191396
22.38
169.5
243.2
0.0
0.04
0.0
0.154
0.175471
22.25
170.3
241.7
0.0
0.03
0.0
0.159
0.154859
22.31
172.9
242.1
0.0
-0.01
0.0
0.163
0.130048
22.4
175.9
242.9
0.0
0.05
0.0
0.156
0.101632
22.42
178.2
242.9
0.0
0.01
0.0
0.141
0.0700979
22.39
180.0
242.5
0.0
0.08
0.0
0.127
0.0361232
22.4
182.2
242.5
0.0
0.06
0.0
0.11
0.000361876
22.42
184.5
242.5
0.0
-0.1
0.0
0.095
-0.036461
22.49
187.4
243.2
0.0
0.06
0.0
0.064
-0.0736565
22.43
188.9
242.4
0.0
0.06
0.0
0.029
-0.110378
22.34
190.3
241.5
0.0
0.09
0.0
0.008
-0.146127
22.41
193.2
242.2
0.0
-0.02
0.0
-0.021
-0.180155
22.41
195.4
242.1
0.0
-0.02
0.0
-0.057
-0.211767
22.34
197.0
241.5
0.0
0.02
0.0
-0.072
-0.240425
22.48
200.7
242.9
0.0
-0.07
0.0
-0.097
-0.265645
22.51
203.4
243.4
0.0
0.05
0.0
-0.139
-0.286798
22.36
204.2
242.0
0.0
-0.05
0.0
-0.17
-0.303711
22.31
206.0
241.6
0.0
0.06
0.0
-0.195
-0.315961
22.27
208.1
241.5
0.0
0.1
0.0
-0.207
-0.323173
22.36
211.4
242.5
0.0
-0.03
0.0
-0.233
-0.325416
22.27
213.0
241.8
0.0
-0.04
0.0
-0.245
-0.322498
22.28
215.6
242.2
0.0
-0.1
0.0
-0.264
-0.314463
22.19
217.1
241.5
0.0
-0.06
0.0
-0.263
-0.301481
22.26
220.3
242.5
0.0
0.08
0.0
-0.258
-0.283541
22.33
223.5
243.4
0.0
0.07
0.0
-0.272
-0.26115
22.16
224.3
242.1
0.0
0.09
0.0
-0.269
-0.234523
22.13
226.4
241.9
0.0
0.06
0.0
-0.248
-0.204073
22.23
229.9
243.2
0.0
0.1
0.0
-0.253
-0.170408
22.03
230.4
241.5
0.0
-0.09
0.0
-0.22
-0.133823
22.18
234.3
243.2
0.0
0.06
0.0
-0.213
-0.0950925
22.04
235.3
242.0
0.0
0.02
0.0
-0.191
-0.0547655
22.01
237.4
241.9
0.0
0.05
0.0
-0.151
-0.0134588
22.13
241.1
243.4
0.0
0.04
0.0
-0.126
0.0280481
22.08
242.9
243.0
0.0
0.04
0.0
-0.1
0.0693184
22.03
244.7
242.6
0.0
-0.02
0.0
-0.072
0.10956
21.97
246.5
242.1
0.0
0.01
0.0
-0.027
0.14803
22.09
249.8
243.3
0.0
-0.06
0.0
-0.006
0.184338
21.95
250.7
242.0
0.0
0.01
0.0
0.032
0.217746
22.0
253.4
242.4
0.0
-0.02
0.0
0.07
0.247769
22.05
256.1
242.9
0.0
-0.03
0.0
0.101
0.273977
22.04
258.1
242.7
0.0
0.02
0.0
0.126
0.295892
21.99
259.6
242.1
0.0
-0.03
0.0
0.156
0.313085
22.01
261.9
242.1
0.0
0.09
0.0
0.189
0.325478
22.1
264.8
242.8
0.0
-0.07
0.0
0.208
0.332736
22.07
266.6
242.4
0.0
-0.02
0.0
0.238
0.334764
22.19
269.7
243.3
0.0
-0.02
0.0
0.252
0.331504
22.18
271.6
243.0
0.0
0.05
0.0
0.257
0.323025
22.13
273.1
242.2
0.0
-0.02
0.0
0.266
0.309425
22.15
275.2
242.2
0.0
0.09
0.0
0.274
0.291017
22.22
277.8
242.5
0.0
-0.01
0.0
0.268
0.268028
22.17
279.3
241.8
0.0
0.07
0.0
0.28
0.240786
22.36
283.1
243.4
0.0
0.02
0.0
0.252
0.209719
22.19
283.4
241.5
0.0
-0.08
0.0
0.255
0.175347
22.37
287.2
243.0
0.0
-0.01
0.0
0.234
0.138275
22.35
288.9
242.5
0.0
-0.03
0.0
0.222
0.0989832
22.44
291.9
243.3
0.0
0.01
0.0
0.198
0.0581263
22.46
294.1
243.2
0.0
0.04
0.0
0.158
0.0163245
22.33
294.9
241.7
0.0
0.1
0.0
0.142
-0.0257399
22.47
298.4
243.0
0.0
0.04
0.0
0.097
-0.0674276
22.34
299.2
241.6
0.0
0.08
0.0
0.075
-0.107946
22.46
302.5
242.7
0.0
0.0
0.0
0.043
-0.146853
22.48
305.0
242.9
0.0
0.01
0.0
0.008
-0.183459
22.48
307.1
242.8
0.0
0.0
0.0
-0.037
-0.217127
22.37
308.3
241.8
0.0
-0.01
0.0
-0.065
-0.247375
22.42
311.2
242.3
0.0
0.01
0.0
-0.091
-0.273775
22.49
314.1
243.0
0.0
-0.01
0.0
-0.121
-0.29575
22.48
316.4
243.1
0.0
0.07
0.0
-0.154
-0.313177
22.43
318.3
242.8
0.0
0.02
0.0
-0.179
-0.325679
22.44
320.8
243.0
0.0
-0.0
0.0
-0.198
-0.332922
22.46
323.4
243.4
0.0
0.1
0.0
-0.224
-0.335017
22.39
325.2
243.0
0.0
-0.09
0.0
-0.251
-0.331806
22.27
326.4
241.9
0.0
0.1
0.0
-0.262
-0.323362
22.26
328.8
242.1
0.0
-0.03
0.0
-0.259
-0.309885
22.36
332.3
243.4
0.0
0.04
0.0
-0.271
-0.291389
22.26
333.8
242.7
0.0
-0.03
0.0
-0.28
-0.268401
22.15
335.2
241.8
0.0
0.07
0.0
-0.272
-0.241154
22.17
337.9
242.3
0.0
-0.09
0.0
-0.266
-0.210076
22.12
339.9
242.0
0.0
0.03
0.0
-0.257
-0.175789
22.06
341.8
241.8
0.0
0.05
0.0
-0.226
-0.138597
22.18
345.5
243.2
0.0
-0.07
0.0
-0.224
-0.099283
21.99
345.9
241.5
0.0
0.1
0.0
-0.186
-0.0584021
22.12
349.6
243.0
0.0
-0.08
0.0
-0.172
-0.0165756
21.97
350.6
241.7
0.0
-0.04
0.0
-0.129
0.0254135
22.1
354.2
243.1
0.0
0.06
0.0
-0.105
0.0671266
22.02
355.7
242.5
0.0
-0.08
0.0
-0.082
0.107771
21.91
357.0
241.5
0.0
0.03
0.0
-0.047
0.146604
21.93
359.3
241.6
0.0
-0.1
0.0
-0.008
0.183234
21.98
362.0
242.2
0.0
0.04
0.0
0.021
0.216927
21.92
363.7
241.6
0.0
0.01
0.0
0.062
0.247198
22.0
366.6
242.3
0.0
-0.01
0.0
0.092
0.27362
21.97
368.4
242.0
0.0
-0.06
0.0
0.123
0.295716
21.98
370.7
242.0
0.0
-0.07
0.0
0.157
0.313062
22.04
373.3
242.4
0.0
-0.02
0.0
0.184
0.32558
22.06
375.5
242.4
0.0
0.05
0.0
0.203
0.33294
22.03
377.2
241.9
0.0
-0.09
0.0
0.229
0.335047
22.1
380.0
242.5
0.0
-0.05
0.0
0.242
0.331846
22.09
381.8
242.1
0.0
0.0
0.0
0.254
0.323411
22.1
383.8
241.9
0.0
0.06
0.0
0.265
0.309839
22.14
386.2
242.1
0.0
0.1
0.0
0.282
0.291447
22.3
389.7
243.4
0.0
0.06
0.0
0.281
0.268463
22.31
391.8
243.2
0.0
-0.04
0.0
0.273
0.241217
22.29
393.6
242.8
0.0
-0.09
0.0
0.253
0.21014
22.2
394.6
241.6
0.0
-0.05
0.0
0.254
0.175752
22.35
398.1
242.9
0.0
0.01
0.0
0.232
0.138659
22.32
399.8
242.3
0.0
0.08
0.0
0.207
0.0993437
22.29
401.5
241.7
0.0
-0.03
0.0
0.19
0.0584608
22.37
404.4
242.4
0.0
-0.09
0.0
0.16
0.0166317
22.35
406.2
241.9
0.0
-0.07
0.0
0.144
-0.0254606
22.49
409.7
243.3
0.0
0.08
0.0
0.109
-0.0671762
22.47
411.6
242.9
0.0
-0.06
0.0
0.066
-0.107722
22.37
412.8
241.8
0.0
-0.05
0.0
0.035
-0.146656
22.39
415.2
242.0
0.0
-0.0
0.0
0.013
-0.183287
22.52
418.7
243.3
0.0
-0.06
0.0
-0.036
-0.216979
22.38
419.5
241.8
0.0
-0.0
0.0
-0.057
-0.247249
22.5
423.0
243.1
0.0
0.09
0.0
-0.09
-0.273669
22.49
425.2
243.1
0.0
0.03
0.0
-0.134
-0.295663
22.35
426.2
241.8
0.0
0.05
0.0
-0.163
-0.313107
22.34
428.5
241.8
0.0
-0.01
0.0
-0.19
-0.325624
22.32
430.7
241.9
0.0
0.01
0.0
-0.201
-0.332881
22.44
434.3
243.2
0.0
-0.09
0.0
-0.22
-0.334987
22.43
436.7
243.3
0.0
-0.04
0.0
-0.236
-0.331786
22.41
439.0
243.4
0.0
-0.02
0.0
-0.257
-0.323351
22.31
440.5
242.6
0.0
0.08
0.0
-0.267
-0.309882
22.28
442.6
242.6
0.0
0.06
0.0
-0.277
-0.291391
22.2
444.3
242.1
0.0
-0.05
0.0
-0.269
-0.268409
22.26
447.4
242.9
0.0
-0.07
0.0
-0.264
-0.241165
22.25
449.8
243.1
0.0
-0.0
0.0
-0.266
-0.210091
22.12
451.0
242.1
0.0
-0.02
0.0
-0.246
-0.175806
22.17
453.9
242.8
0.0
0.04
0.0
-0.243
-0.138615
22.02
454.9
241.6
0.0
-0.04
0.0
-0.222
-0.0993019
22.0
457.2
241.6
0.0
0.02
0.0
-0.192
-0.0584214
22.06
460.1
242.4
0.0
0.06
0.0
-0.164
-0.016595
22.05
462.5
242.5
0.0
-0.04
0.0
-0.139
0.0253945
22.0
464.3
242.1
0.0
-0.02
0.0
-0.111
0.0671082
21.97
466.3
241.9
0.0
-0.03
0.0
-0.071
0.107754
22.03
469.2
242.6
0.0
0.06
0.0
-0.031
0.146587
22.08
472.0
243.2
0.0
0.03
0.0
-0.01
0.183219
21.95
472.9
241.9
0.0
-0.02
0.0
0.02
0.216912
21.91
474.7
241.5
0.0
-0.01
0.0
0.067
0.247185
22.04
478.1
242.8
0.0
-0.04
0.0
0.096
0.273608
22.01
480.0
242.4
0.0
0.08
0.0
0.129
0.295706
22.04
482.3
242.5
0.0
-0.0
0.0
0.163
0.313053
22.1
485.0
243.0
0.0
0.05
0.0
0.192
0.325572
22.14
487.5
243.3
0.0
-0.08
0.0
0.215
0.332933
22.15
489.6
243.1
0.0
-0.02
0.0
0.225
0.335041
22.07
490.7
242.1
0.0
0.07
0.0
0.248
0.331841
22.14
493.5
242.6
0.0
-0.03
0.0
0.265
0.323406
22.21
496.0
243.0
0.0
0.08
0.0
0.268
0.309835
22.18
497.7
242.4
0.0
0.01
0.0
0.271
0.291444
22.19
499.7
242.2
0.0
-0.07
0.0
0.283
0.268461
22.33
503.1
243.4
0.0
-0.06
0.0
0.273
0.241216
22.29
504.6
242.7
0.0
0.09
0.0
0.265
0.210139
22.31
506.9
242.7
0.0
0.1
0.0
0.246
0.175751
22.27
508.4
242.0
0.0
-0.05
0.0
0.236
0.138659
22.36
511.3
242.7
0.0
-0.1
0.0
0.214
0.0993436
22.36
513.3
242.5
0.0
-0.02
0.0
0.186
0.058461
22.33
515.0
241.9
0.0
0.06
0.0
0.17
0.0166321
22.45
518.3
242.9
0.0
-0.0
0.0
0.14
-0.02546
22.45
520.4
242.8
0.0
0.01
0.0
0.104
-0.0671755
22.42
522.2
242.4
0.0
-0.1
0.0
0.064
-0.107721
22.35
523.6
241.6
0.0
0.08
0.0
0.04
-0.146655
22.44
526.8
242.5
0.0
-0.06
0.0
0.004
-0.183286
22.44
529.0
242.4
0.0
0.08
0.0
-0.038
-0.216978
22.36
530.4
241.6
0.0
-0.01
0.0
-0.054
-0.247248
22.53
534.4
243.4
0.0
-0.07
0.0
-0.101
-0.273668
22.38
535.3
242.0
0.0
-0.05
0.0
-0.13
-0.295662
22.4
537.8
242.3
0.0
0.06
0.0
-0.166
-0.313106
22.31
539.3
241.6
0.0
-0.01
0.0
-0.184
-0.325623
22.38
542.4
242.4
0.0
-0.08
0.0
-0.199
-0.33288
22.45
545.6
243.3
0.0
0.03
0.0
-0.233
-0.334986
22.3
546.5
242.1
0.0
0.03
0.0
-0.251
-0.331785
22.26
548.6
241.9
0.0
0.02
0.0
-0.259
-0.323351
22.29
551.4
242.5
0.0
0.05
0.0
-0.264
-0.309881
22.31
554.0
242.9
0.0
-0.03
0.0
-0.27
-0.291391
22.27
556.1
242.8
0.0
0.04
0.0
-0.274
-0.268408
22.2
558.0
242.4
0.0
0.04
0.0
-0.271
-0.241165
22.17
560.2
242.3
0.0
-0.07
0.0
-0.266
-0.21009
22.12
562.1
242.1
0.0
-0.07
0.0
-0.255
-0.175806
22.08
564.2
241.9
0.0
-0.01
0.0
-0.234
-0.138615
22.1
566.9
242.4
0.0
-0.09
0.0
-0.22
-0.0993018
22.03
568.6
241.9
0.0
0.06
0.0
-0.186
-0.0584213
22.11
571.8
242.9
0.0
-0.07
0.0
-0.164
-0.0165949
22.06
573.6
242.5
0.0
0.07
0.0
-0.139
0.0253946
22.0
575.4
242.1
0.0
-0.04
0.0
-0.098
0.0671083
22.09
578.7
243.2
0.0
0.03
0.0
-0.065
0.107754
22.09
580.9
243.2
0.0
-0.02
0.0
-0.047
0.146587
21.92
581.5
241.6
0.0
0.06
0.0
0.004
0.183219
22.09
585.4
243.3
0.0
-0.08
0.0
0.038
0.216912
22.09
587.6
243.3
0.0
0.1
0.0
0.072
0.247185
22.1
589.8
243.3
0.0
-0.06
0.0
0.102
0.273608
22.07
591.7
243.0
0.0
0.05
0.0
0.13
0.295706
22.05
593.5
242.6
0.0
-0.05
0.0
0.154
0.313053
22.01
595.2
242.1
0.0
-0.05
0.0
0.177
0.325572
21.99
597.0
241.7
0.0
-0.08
0.0
0.209
0.332932
22.09
600.0
242.5
0.0
-0.03
0.0
0.233
0.335041
22.15
602.6
242.9
0.0
-0.04
0.0
0.24
0.331841
22.07
603.8
241.9
0.0
0.09
0.0
0.249
0.323406
22.06
605.6
241.5
0.0
-0.06
0.0
0.265
0.309835
22.15
608.5
242.1
0.0
0.02
0.0
0.283
0.291444
22.3
612.0
243.4
0.0
-0.05
0.0
0.281
0.268461
22.31
614.0
243.2
0.0
-0.06
0.0
0.275
0.241216
22.31
616.0
242.9
0.0
-0.02
0.0
0.256
0.210139
22.23
617.1
241.9
0.0
-0.02
0.0
0.254
0.175751
22.36
620.4
242.9
0.0
-0.07
0.0
0.239
0.138659
22.39
622.7
243.0
0.0
-0.04
0.0
0.211
0.0993436
22.33
624.1
242.2
0.0
0.03
0.0
0.198
0.058461
22.45
627.3
243.1
0.0
-0.07
0.0
0.17
0.0166321
22.45
629.4
243.0
0.0
0.05
0.0
0.135
-0.0254601
22.4
631.0
242.4
0.0
0.08
0.0
0.112
-0.0671755
22.49
634.0
243.1
0.0
0.09
0.0
0.065
-0.107721
22.36
634.9
241.7
0.0
-0.1
0.0
0.039
-0.146655
22.44
637.8
242.4
0.0
0.02
0.0
0.01
-0.183286
22.49
640.6
243.0
0.0
0.05
0.0
-0.024
-0.216978
22.49
642.9
243.0
0.0
-0.03
0.0
-0.057
-0.247248
22.5
645.3
243.1
0.0
-0.07
0.0
-0.099
-0.273668
22.4
646.6
242.2
0.0
-0.04
0.0
-0.118
-0.295662
22.51
650.0
243.4
0.0
0.07
0.0
-0.15
-0.313106
22.47
652.1
243.2
0.0
-0.05
0.0
-0.194
-0.325623
22.29
652.6
241.5
0.0
0.0
0.0
-0.203
-0.33288
22.41
656.3
242.9
0.0
-0.1
0.0
-0.226
-0.334986
22.37
658.4
242.8
0.0
-0.1
0.0
-0.251
-0.331785
22.27
659.8
242.0
0.0
-0.04
0.0
-0.267
-0.323351
22.22
661.7
241.7
0.0
-0.08
0.0
-0.261
-0.309881
22.34
665.5
243.2
0.0
-0.02
0.0
-0.267
-0.291391
22.3
667.6
243.1
0.0
-0.03
0.0
-0.265
-0.268408
22.3
670.1
243.3
0.0
0.04
0.0
-0.267
-0.241165
22.22
671.7
242.8
0.0
-0.09
0.0
-0.253
-0.21009
22.25
674.5
243.4
0.0
0.0
0.0
-0.256
-0.175806
22.07
675.2
241.8
0.0
-0.02
0.0
-0.234
-0.138615
22.11
678.0
242.4
0.0
0.04
0.0
-0.215
-0.0993018
22.08
680.2
242.4
0.0
-0.05
0.0
-0.188
-0.0584213
22.09
682.7
242.7
0.0
-0.02
0.0
-0.175
-0.0165949
21.95
683.7
241.5
0.0
-0.05
0.0
-0.134
0.0253946
22.05
687.0
242.6
0.0
0.09
0.0
-0.095
0.0671083
22.12
690.0
243.4
0.0
-0.01
0.0
-0.076
0.107754
21.98
690.9
242.1
0.0
0.02
0.0
-0.03
0.146587
22.1
694.4
243.4
0.0
-0.0
0.0
0.004
0.183219
22.09
696.5
243.3
0.0
0.0
0.0
0.028
0.216912
21.99
697.7
242.3
0.0
-0.05
0.0
0.065
0.247185
22.02
700.2
242.6
0.0
-0.03
0.0
0.089
0.273608
21.95
701.6
241.7
0.0
0.0
0.0
0.138
0.295706
22.13
705.5
243.4
0.0
0.02
0.0
0.156
0.313053
22.03
706.5
242.3
0.0
-0.04
0.0
0.176
0.325572
21.98
708.0
241.6
0.0
0.09
0.0
0.214
0.332932
22.14
711.6
243.0
0.0
-0.05
0.0
0.223
0.335041
22.04
712.7
241.8
0.0
0.05
0.0
0.245
0.331841
22.12
715.4
242.4
0.0
-0.04
0.0
0.263
0.323406
22.19
718.1
242.8
0.0
-0.04
0.0
0.262
0.309835
22.12
719.3
241.8
0.0
0.09
0.0
0.27
0.291444
22.17
721.8
242.1
0.0
0.01
0.0
0.264
0.268461
22.14
723.4
241.5
0.0
0.07
0.0
0.265
0.241216
22.21
726.1
241.9
0.0
0.09
0.0
0.255
0.210139
22.22
728.1
241.8
0.0
0.03
0.0
0.241
0.175751
22.22
730.1
241.5
0.0
-0.04
0.0
0.24
0.138659
22.39
733.9
243.0
0.0
-0.09
0.0
0.204
0.0993436
22.26
734.6
241.5
0.0
-0.05
0.0
0.2
0.058461
22.47
738.7
243.4
0.0
0.04
0.0
0.157
0.0166321
22.32
739.2
241.6
0.0
-0.06
0.0
0.13
-0.0254601
22.35
741.6
241.9
0.0
-0.02
0.0
0.111
-0.0671755
22.48
745.1
243.1
0.0
0.09
0.0
0.073
-0.107721
22.43
746.7
242.4
0.0
-0.07
0.0
0.04
-0.146655
22.45
749.1
242.6
0.0
0.03
0.0
0.013
-0.183286
22.52
752.0
243.3
0.0
-0.01
0.0
-0.034
-0.216978
22.39
753.0
242.0
0.0
-0.01
0.0
-0.062
-0.247248
22.45
755.9
242.6
0.0
-0.05
0.0
-0.105
-0.273668
22.35
757.1
241.6
0.0
0.0
0.0
-0.13
-0.295662
22.39
760.0
242.2
0.0
0.08
0.0
-0.156
-0.313106
22.42
762.6
242.6
0.0
-0.08
0.0
-0.192
-0.325623
22.31
763.9
241.7
0.0
0.04
0.0
-0.217
-0.33288
22.27
766.0
241.6
0.0
0.02
0.0
-0.23
-0.334986
22.33
769.0
242.4
0.0
-0.06
0.0
-0.255
-0.331785
22.23
770.5
241.6
0.0
-0.02
0.0
-0.256
-0.323351
22.32
773.9
242.7
0.0
-0.04
0.0
-0.259
-0.309881
22.36
776.7
243.3
0.0
0.07
0.0
-0.275
-0.291391
22.22
777.9
242.3
0.0
0.08
0.0
-0.27
-0.268408
22.25
780.6
242.8
0.0
0.02
0.0
-0.26
-0.241165
22.28
783.5
243.4
0.0
-0.06
0.0
-0.257
-0.21009
22.21
785.2
242.9
0.0
0.0
0.0
-0.253
-0.175806
22.1
786.7
242.2
0.0
0.06
0.0
-0.229
-0.138615
22.15
789.6
242.9
0.0
-0.03
0.0
-0.216
-0.0993018
22.06
791.1
242.2
0.0
0.06
0.0
-0.198
-0.0584213
22.0
792.9
241.8
0.0
-0.04
0.0
-0.168
-0.0165949
22.02
795.5
242.2
0.0
-0.07
0.0
-0.138
0.0253946
22.01
797.8
242.2
0.0
-0.0
0.0
-0.098
0.0671083
22.09
800.8
243.1
0.0
-0.06
0.0
-0.081
0.107754
21.92
801.5
241.6
0.0
0.07
0.0
-0.045
0.146587
21.94
803.9
241.8
0.0
-0.06
0.0
-0.011
0.183219
21.94
806.1
241.8
0.0
0.02
0.0
0.023
0.216912
21.94
808.3
241.8
0.0
0.08
0.0
0.062
0.247185
21.99
811.0
242.2
0.0
-0.02
0.0
0.096
0.273608
22.01
813.3
242.4
0.0
0.09
0.0
0.136
0.295706
22.11
816.4
243.3
0.0
-0.07
0.0
0.162
0.313053
22.09
818.3
242.9
0.0
0.09
0.0
0.189
0.325572
22.11
820.5
242.9
0.0
0.01
0.0
0.202
0.332932
22.02
821.6
241.9
0.0
0.02
0.0
0.22
0.335041
22.02
823.5
241.6
0.0
-0.07
0.0
0.252
0.331841
22.19
827.2
243.1
0.0
0.01
0.0
0.267
0.323406
22.23
829.6
243.2
0.0
0.01
0.0
0.262
0.309835
22.12
830.4
241.9
0.0
-0.04
0.0
0.264
0.291444
22.12
832.4
241.6
0.0
-0.08
0.0
0.265
0.268461
22.15
834.6
241.6
0.0
0.05
0.0
0.267
0.241216
22.23
837.4
242.2
0.0
-0.05
0.0
0.256
0.210139
22.22
839.3
241.8
0.0
0.06
0.0
0.241
0.175751
22.23
841.3
241.6
0.0
-0.06
0.0
0.238
0.138659
22.38
844.8
242.9
0.0
-0.04
0.0
0.222
0.0993436
22.44
847.4
243.3
0.0
0.08
0.0
0.182
0.058461
22.29
848.0
241.6
0.0
0.03
0.0
0.172
0.0166321
22.47
851.8
243.1
0.0
0.05
0.0
0.129
-0.0254601
22.34
852.6
241.7
0.0
-0.09
0.0
0.113
-0.0671755
22.5
856.3
243.2
0.0
-0.07
0.0
0.073
-0.107721
22.44
857.9
242.5
0.0
-0.08
0.0
0.036
-0.146655
22.4
859.7
242.1
0.0
-0.1
0.0
0.012
-0.183286
22.51
863.0
243.2
0.0
-0.01
0.0
-0.033
-0.216978
22.41
864.2
242.1
0.0
0.03
0.0
-0.067
-0.247248
22.4
866.5
242.1
0.0
0.01
0.0
-0.104
-0.273668
22.35
868.3
241.7
0.0
-0.0
0.0
-0.119
-0.295662
22.5
872.2
243.4
0.0
-0.03
0.0
-0.156
-0.313106
22.42
873.7
242.6
0.0
-0.05
0.0
-0.188
-0.325623
22.35
875.4
242.1
0.0
-0.05
0.0
-0.211
-0.33288
22.34
877.8
242.2
0.0
-0.07
0.0
-0.239
-0.334986
22.24
879.3
241.5
0.0
0.02
0.0
-0.238
-0.331785
22.4
883.3
243.3
0.0
0.05
0.0
-0.255
-0.323351
22.33
885.1
242.9
0.0
0.08
0.0
-0.266
-0.309881
22.29
887.2
242.7
0.0
0.04
0.0
-0.266
-0.291391
22.31
889.9
243.2
0.0
-0.05
0.0
-0.269
-0.268408
22.25
891.8
242.9
0.0
-0.0
0.0
-0.279
-0.241165
22.09
892.7
241.6
0.0
-0.1
0.0
-0.266
-0.21009
22.12
895.4
242.0
0.0
0.05
0.0
-0.241
-0.175806
22.22
898.9
243.3
0.0
0.03
0.0
-0.234
-0.138615
22.11
900.3
242.5
0.0
-0.08
0.0
-0.21
-0.0993018
22.13
902.9
242.9
0.0
-0.01
0.0
-0.183
-0.0584213
22.15
905.5
243.3
0.0
0.1
0.0
-0.168
-0.0165949
22.02
906.6
242.1
0.0
0.01
0.0
-0.133
0.0253946
22.06
909.4
242.8
0.0
0.08
0.0
-0.102
0.0671083
22.05
911.6
242.7
0.0
0.05
0.0
-0.067
0.107754
22.07
914.1
243.1
0.0
-0.06
0.0
-0.035
0.146587
22.05
916.1
242.9
0.0
0.08
0.0
-0.01
0.183219
21.95
917.4
241.9
0.0
-0.03
0.0
0.032
0.216912
22.03
920.3
242.7
0.0
0.07
0.0
0.069
0.247185
22.07
922.8
243.0
0.0
-0.03
0.0
0.104
0.273608
22.1
925.3
243.2
0.0
-0.03
0.0
0.123
0.295706
21.99
926.2
242.0
0.0
0.03
0.0
0.147
0.313053
21.94
927.9
241.5
0.0
0.02
0.0
0.178
0.325572
22.0
930.5
241.9
0.0
-0.09
0.0
0.21
0.332932
22.1
933.5
242.7
0.0
0.05
0.0
0.229
0.335041
22.1
935.5
242.4
0.0
-0.0
0.0
0.253
0.331841
22.19
938.4
243.1
0.0
-0.0
0.0
0.254
0.323406
22.1
939.4
241.9
0.0
-0.01
0.0
0.261
0.309835
22.1
941.4
241.7
0.0
-0.02
0.0
0.278
0.291444
22.25
944.8
242.9
0.0
0.06
0.0
0.277
0.268461
22.27
947.0
242.8
0.0
0.09
0.0
0.273
0.241216
22.3
949.2
242.8
0.0
0.05
0.0
0.269
0.210139
22.36
951.7
243.1
0.0
0.03
0.0
0.259
0.175751
22.4
954.2
243.4
0.0
-0.09
0.0
0.238
0.138659
22.38
955.9
242.9
0.0
0.03
0.0
0.213
0.0993436
22.34
957.6
242.3
0.0
0.01
0.0
0.183
0.058461
22.3
959.2
241.6
0.0
-0.04
0.0
0.157
0.0166321
22.32
961.4
241.6
0.0
-0.03
0.0
0.13
-0.0254601
22.36
963.9
241.9
0.0
0.03
0.0
0.097
-0.0671755
22.34
965.9
241.6
0.0
0.1
0.0
0.067
-0.107721
22.37
968.4
241.9
0.0
0.0
0.0
0.039
-0.146655
22.44
971.2
242.5
0.0
0.04
0.0
-0.002
-0.183286
22.37
972.8
241.8
0.0
-0.05
0.0
-0.034
-0.216978
22.4
975.3
242.1
0.0
-0.03
0.0
-0.057
-0.247248
22.5
978.6
243.1
0.0
0.05
0.0
-0.106
-0.273668
22.33
979.2
241.5
0.0
0.04
0.0
-0.134
-0.295662
22.35
981.8
241.8
0.0
0.04
0.0
-0.163
-0.313106
22.34
984.0
241.8
0.0
-0.08
0.0
-0.179
-0.325623
22.44
987.4
243.0
0.0
-0.01
0.0
-0.212
-0.33288
22.32
988.7
242.0
0.0
0.04
0.0
-0.226
-0.334986
22.37
991.6
242.7
0.0
-0.09
0.0
-0.251
-0.331785
22.26
993.0
241.9
0.0
-0.09
0.0
-0.267
-0.323351
22.21
995.0
241.6
0.0
0.01
0.0
-0.277
-0.309881
22.18
997.2
241.6
0.0
-0.05
0.0
-0.272
-0.291391
22.25
1000.4
242.5
0.0
-0.0
0.0
-0.273
-0.268408
22.22
1002.6
242.5
0.0
-0.07
0.0
-0.263
-0.241165
22.25
1005.4
243.2
0.0
-0.08
0.0
-0.269
-0.21009
22.08
1006.2
241.7
0.0
-0.08
0.0
-0.243
-0.175806
22.2
1009.8
243.1
0.0
0.09
0.0
-0.231
-0.138615
22.14
1011.7
242.7
0.0
0.05
0.0
-0.209
-0.0993018
22.14
1014.1
243.0
0.0
-0.05
0.0
-0.19
-0.0584213
22.07
1015.9
242.5
0.0
0.04
0.0
-0.159
-0.0165949
22.1
1018.5
243.0
0.0
-0.02
0.0
-0.134
0.0253946
22.05
1020.4
242.6
0.0
-0.01
0.0
-0.114
0.0671083
21.94
1021.5
241.6
0.0
-0.09
0.0
-0.075
0.107754
21.99
1024.3
242.2
0.0
0.02
0.0
-0.033
0.146587
22.06
1027.4
243.0
0.0
-0.0
0.0
-0.006
0.183219
21.99
1028.9
242.3
0.0
0.08
0.0
0.03
0.216912
22.01
1031.2
242.5
0.0
0.09
0.0
0.056
0.247185
21.93
1032.6
241.7
0.0
0.08
0.0
0.087
0.273608
21.92
1034.6
241.5
0.0
-0.04
0.0
0.12
0.295706
21.95
1037.0
241.7
0.0
0.06
0.0
0.149
0.313053
21.96
1039.2
241.6
0.0
-0.05
0.0
0.184
0.325572
22.07
1042.2
242.5
0.0
-0.01
0.0
0.199
0.332932
21.99
1043.5
241.5
0.0
0.0
0.0
0.238
0.335041
22.19
1047.5
243.4
0.0
-0.05
0.0
0.256
0.331841
22.22
1049.8
243.4
0.0
0.04
0.0
0.266
0.323406
22.22
1051.7
243.1
0.0
0.1
0.0
0.27
0.309835
22.2
1053.5
242.6
0.0
0.03
0.0
0.274
0.291444
22.21
1055.6
242.5
0.0
-0.05
0.0
0.267
0.268461
22.17
1057.0
241.8
0.0
-0.01
0.0
0.277
0.241216
22.33
1060.6
243.2
0.0
-0.1
0.0
0.268
0.210139
22.35
1062.7
243.0
0.0
-0.01
0.0
0.255
0.175751
22.36
1064.9
242.9
0.0
0.09
0.0
0.235
0.138659
22.35
1066.7
242.6
0.0
-0.04
0.0
0.216
0.0993436
22.38
1069.1
242.7
0.0
-0.06
0.0
0.193
0.058461
22.4
1071.3
242.7
0.0
-0.05
0.0
0.161
0.0166321
22.36
1072.9
242.0
0.0
0.06
0.0
0.138
-0.0254601
22.43
1075.7
242.6
0.0
-0.0
0.0
0.096
-0.0671755
22.34
1076.9
241.6
0.0
-0.02
0.0
0.079
-0.107721
22.49
1080.6
243.0
0.0
-0.06
0.0
0.035
-0.146655
22.4
1081.9
242.1
0.0
0.01
0.0
0.005
-0.183286
22.44
1084.6
242.5
0.0
0.04
0.0
-0.028
-0.216978
22.45
1086.9
242.6
0.0
-0.04
0.0
-0.054
-0.247248
22.53
1090.0
243.4
0.0
0.01
0.0
-0.087
-0.273668
22.52
1092.2
243.4
0.0
0.05
0.0
-0.126
-0.295662
22.43
1093.7
242.6
0.0
-0.03
0.0
-0.152
-0.313106
22.45
1096.3
243.0
0.0
0.06
0.0
-0.193
-0.325623
22.29
1097.1
241.6
0.0
0.07
0.0
-0.215
-0.33288
22.3
1099.6
241.8
0.0
-0.1
0.0
-0.228
-0.334986
22.35
1102.5
242.5
0.0
0.08
0.0
-0.246
-0.331785
22.31
1104.6
242.4
0.0
0.02
0.0
-0.262
-0.323351
22.27
1106.7
242.2
0.0
-0.08
0.0
-0.264
-0.309881
22.31
1109.6
242.9
0.0
0.08
0.0
-0.27
-0.291391
22.27
1111.7
242.8
0.0
0.08
0.0
-0.266
-0.268408
22.29
1114.4
243.3
0.0
0.1
0.0
-0.278
-0.241165
22.1
1115.0
241.6
0.0
0.08
0.0
-0.259
-0.21009
22.19
1118.4
242.8
0.0
0.09
0.0
-0.251
-0.175806
22.12
1120.2
242.4
0.0
0.09
0.0
-0.236
-0.138615
22.09
1122.3
242.3
0.0
-0.1
0.0
-0.214
-0.0993018
22.08
1124.7
242.4
0.0
0.06
0.0
-0.194
-0.0584213
22.04
1126.6
242.2
0.0
-0.09
0.0
-0.168
-0.0165949
22.01
1128.8
242.1
0.0
0.02
0.0
-0.135
0.0253946
22.04
1131.4
242.5
0.0
0.03
0.0
-0.115
0.0671083
21.92
1132.5
241.5
0.0
-0.03
0.0
-0.065
0.107754
22.09
1136.5
243.2
0.0
-0.08
0.0
-0.037
0.146587
22.03
1138.1
242.7
0.0
-0.08
0.0
0.004
0.183219
22.09
1140.9
243.3
0.0
0.09
0.0
0.038
0.216912
22.09
1143.1
243.3
0.0
0.01
0.0
0.065
0.247185
22.02
1144.6
242.6
0.0
0.03
0.0
0.087
0.273608
21.93
1145.8
241.5
0.0
0.04
0.0
0.125
0.295706
22.0
1148.6
242.1
0.0
-0.09
0.0
0.16
0.313053
22.07
1151.4
242.7
0.0
-0.06
0.0
0.191
0.325572
22.13
1154.0
243.2
0.0
-0.01
0.0
0.211
0.332932
22.11
1155.9
242.8
0.0
-0.1
0.0
0.227
0.335041
22.08
1157.5
242.3
0.0
-0.09
0.0
0.236
0.331841
22.03
1159.0
241.5
0.0
-0.03
0.0
0.269
0.323406
22.25
1163.2
243.4
0.0
-0.04
0.0
0.271
0.309835
22.2
1164.6
242.7
0.0
0.1
0.0
0.28
0.291444
22.28
1167.3
243.2
0.0
-0.05
0.0
0.282
0.268461
22.32
1169.7
243.3
0.0
0.07
0.0
0.273
0.241216
22.29
1171.3
242.7
0.0
-0.03
0.0
0.272
0.210139
22.39
1174.3
243.4
0.0
0.05
0.0
0.253
0.175751
22.35
1175.9
242.8
0.0
0.07
0.0
0.235
0.138659
22.35
1177.9
242.6
0.0
-0.06
0.0
0.21
0.0993436
22.32
1179.6
242.1
0.0
0.09
0.0
0.201
0.058461
22.48
1183.2
243.4
0.0
0.04
0.0
0.155
0.0166321
22.3
1183.5
241.5
0.0
0.1
0.0
0.144
-0.0254601
22.49
1187.5
243.2
0.0
0.05
0.0
0.101
-0.0671755
22.39
1188.6
242.1
0.0
-0.06
0.0
0.065
-0.107721
22.36
1190.4
241.7
0.0
-0.03
0.0
0.035
-0.146655
22.4
1193.0
242.1
0.0
-0.06
0.0
0.001
-0.183286
22.41
1195.3
242.1
0.0
0.07
0.0
-0.034
-0.216978
22.39
1197.4
242.0
0.0
0.09
0.0
-0.069
-0.247248
22.38
1199.6
241.9
0.0
0.05
0.0
-0.106
-0.273668
22.33
1201.5
241.5
0.0
0.07
0.0
-0.122
-0.295662
22.47
1205.2
243.0
0.0
-0.01
0.0
-0.163
-0.313106
22.34
1206.3
241.9
0.0
-0.03
0.0
-0.183
-0.325623
22.39
1209.2
242.5
0.0
0.07
0.0
-0.205
-0.33288
22.4
1211.7
242.8
0.0
0.01
0.0
-0.226
-0.334986
22.37
1213.9
242.7
0.0
-0.08
0.0
-0.248
-0.331785
22.3
1215.6
242.3
0.0
-0.06
0.0
-0.261
-0.323351
22.28
1217.9
242.3
0.0
-0.0
0.0
-0.266
-0.309881
22.29
1220.5
242.7
0.0
-0.02
0.0
-0.274
-0.291391
22.23
1222.4
242.3
0.0
0.05
0.0
-0.267
-0.268408
22.27
1225.4
243.1
0.0
-0.03
0.0
-0.279
-0.241165
22.09
1226.1
241.6
0.0
0.05
0.0
-0.256
-0.21009
22.22
1229.8
243.1
0.0
0.1
0.0
-0.24
-0.175806
22.23
1232.4
243.4
0.0
0.07
0.0
-0.225
-0.138615
22.19
1234.4
243.3
0.0
0.07
0.0
-0.216
-0.0993018
22.06
1235.6
242.2
0.0
-0.03
0.0
-0.192
-0.0584213
22.05
1237.9
242.3
0.0
-0.09
0.0
-0.157
-0.0165949
22.12
1241.0
243.2
0.0
0.1
0.0
-0.136
0.0253946
22.04
1242.4
242.5
0.0
0.07
0.0
-0.107
0.0671083
22.0
1244.4
242.2
0.0
0.07
0.0
-0.078
0.107754
21.96
1246.3
241.9
0.0
-0.08
0.0
-0.043
0.146587
21.96
1248.6
242.0
0.0
-0.09
0.0
-0.014
0.183219
21.91
1250.3
241.5
0.0
0.02
0.0
0.032
0.216912
22.03
1253.7
242.7
0.0
0.05
0.0
0.058
0.247185
21.96
1255.1
241.9
0.0
0.02
0.0
0.101
0.273608
22.06
1258.3
242.9
0.0
0.03
0.0
0.132
0.295706
22.07
1260.4
242.8
0.0
0.09
0.0
0.163
0.313053
22.1
1262.8
243.1
0.0
-0.05
0.0
0.187
0.325572
22.09
1264.7
242.7
0.0
0.08
0.0
0.216
0.332932
22.16
1267.5
243.3
0.0
-0.08
0.0
0.231
0.335041
22.13
1269.1
242.7
0.0
-0.04
0.0
0.25
0.331841
22.17
1271.5
242.9
0.0
0.07
0.0
0.26
0.323406
22.16
1273.3
242.5
0.0
-0.05
0.0
0.276
0.309835
22.26
1276.3
243.2
0.0
0.06
0.0
0.282
0.291444
22.3
1278.6
243.3
0.0
0.01
0.0
0.264
0.268461
22.14
1279.0
241.5
0.0
0.09
0.0
0.264
0.241216
22.2
1281.6
241.9
0.0
0.0
0.0
0.271
0.210139
22.38
1285.3
243.3
0.0
0.03
0.0
0.243
0.175751
22.24
1285.9
241.7
0.0
-0.07
0.0
0.241
0.138659
22.41
1289.6
243.2
0.0
0.09
0.0
0.221
0.0993436
22.43
1291.8
243.1
0.0
0.03
0.0
0.197
0.058461
22.44
1294.0
243.1
0.0
-0.06
0.0
0.173
0.0166321
22.48
1296.4
243.3
0.0
-0.09
0.0
0.143
-0.0254601
22.48
1298.4
243.1
0.0
-0.0
0.0
0.11
-0.0671755
22.47
1300.5
242.9
0.0
0.06
0.0
0.076
-0.107721
22.47
1302.6
242.8
0.0
-0.01
0.0
0.033
-0.146655
22.38
1303.9
241.9
0.0
0.08
0.0
0.008
-0.183286
22.47
1307.1
242.7
0.0
0.03
0.0
-0.027
-0.216978
22.47
1309.3
242.7
0.0
0.08
0.0
-0.058
-0.247248
22.49
1311.8
243.0
0.0
-0.1
0.0
-0.106
-0.273668
22.33
1312.6
241.5
0.0
0.04
0.0
-0.135
-0.295662
22.34
1315.0
241.7
0.0
0.02
0.0
-0.165
-0.313106
22.33
1317.2
241.7
0.0
-0.08
0.0
-0.176
-0.325623
22.46
1321.0
243.2
0.0
0.1
0.0
-0.204
-0.33288
22.4
1322.9
242.8
0.0
-0.05
0.0
-0.226
-0.334986
22.37
1325.0
242.8
0.0
-0.03
0.0
-0.241
-0.331785
22.36
1327.4
242.9
0.0
0.04
0.0
-0.26
-0.323351
22.28
1329.0
242.3
0.0
0.09
0.0
-0.267
-0.309881
22.28
1331.5
242.6
0.0
-0.05
0.0
-0.271
-0.291391
22.26
1333.8
242.6
0.0
0.08
0.0
-0.27
-0.268408
22.25
1336.2
242.8
0.0
0.08
0.0
-0.275
-0.241165
22.13
1337.6
242.0
0.0
-0.01
0.0
-0.268
-0.21009
22.09
1339.6
241.8
0.0
-0.01
0.0
-0.244
-0.175806
22.19
1343.0
243.0
0.0
0.01
0.0
-0.238
-0.138615
22.07
1344.3
242.0
0.0
0.07
0.0
-0.215
-0.0993018
22.08
1346.9
242.4
0.0
-0.07
0.0
-0.195
-0.0584213
22.02
1348.7
242.0
0.0
0.03
0.0
-0.161
-0.0165949
22.09
1351.7
242.8
0.0
0.1
0.0
-0.143
0.0253946
21.96
1352.8
241.7
0.0
0.03
0.0
-0.109
0.0671083
21.98
1355.3
242.1
0.0
-0.01
0.0
-0.083
0.107754
21.91
1356.9
241.5
0.0
-0.09
0.0
-0.034
0.146587
22.05
1360.6
242.9
0.0
-0.08
0.0
-0.002
0.183219
22.03
1362.6
242.8
0.0
0.01
0.0
0.03
0.216912
22.01
1364.6
242.5
0.0
0.06
0.0
0.068
0.247185
22.05
1367.1
242.8
0.0
0.05
0.0
0.096
0.273608
22.01
1368.8
242.4
0.0
-0.06
0.0
0.129
0.295706
22.04
1371.2
242.5
0.0
-0.05
0.0
0.151
0.313053
21.98
1372.7
241.8
0.0
-0.01
0.0
0.179
0.325572
22.01
1375.0
241.9
0.0
-0.01
0.0
0.2
0.332932
22.0
1377.0
241.7
0.0
0.03
0.0
0.224
0.335041
22.05
1379.5
242.0
0.0
-0.06
0.0
0.245
0.331841
22.11
1382.0
242.3
0.0
-0.06
0.0
0.257
0.323406
22.13
1384.1
242.2
0.0
-0.08
0.0
0.275
0.309835
22.25
1387.3
243.1
0.0
-0.04
0.0
0.273
0.291444
22.2
1388.8
242.4
0.0
-0.07
0.0
0.284
0.268461
22.33
1392.0
243.4
0.0
-0.1
0.0
0.261
0.241216
22.17
1392.3
241.5
0.0
0.07
0.0
0.259
0.210139
22.25
1395.2
242.1
0.0
-0.05
0.0
0.252
0.175751
22.33
1397.9
242.7
0.0
-0.07
0.0
0.238
0.138659
22.38
1400.3
242.8
0.0
-0.07
0.0
0.208
0.0993436
22.3
1401.6
241.9
0.0
-0.04
0.0
0.198
0.058461
22.45
1405.2
243.2
0.0
-0.09
0.0
0.169
0.0166321
22.44
1407.1
242.9
0.0
-0.02
0.0
0.134
-0.0254601
22.39
1408.7
242.2
0.0
0.06
0.0
0.105
-0.0671755
22.42
1411.1
242.4
0.0
-0.01
0.0
0.077
-0.107721
22.48
1413.8
242.9
0.0
-0.1
0.0
0.045
-0.146655
22.5
1416.2
243.1
0.0
-0.04
0.0
0.003
-0.183286
22.42
1417.7
242.3
0.0
0.09
0.0
-0.027
-0.216978
22.46
1420.4
242.7
0.0
-0.07
0.0
-0.058
-0.247248
22.49
1422.9
243.0
0.0
-0.08
0.0
-0.096
-0.273668
22.43
1424.7
242.5
0.0
-0.05
0.0
-0.123
-0.295662
22.46
1427.3
242.9
0.0
-0.06
0.0
-0.155
-0.313106
22.43
1429.4
242.7
0.0
0.05
0.0
-0.192
-0.325623
22.31
1430.6
241.7
0.0
0.06
0.0
-0.209
-0.33288
22.36
1433.5
242.4
0.0
0.02
0.0
-0.237
-0.334986
22.26
1435.0
241.6
0.0
-0.0
0.0
-0.245
-0.331785
22.33
1438.1
242.5
0.0
0.02
0.0
-0.265
-0.323351
22.23
1439.7
241.9
0.0
0.01
0.0
-0.264
-0.309881
22.31
1443.0
242.9
0.0
-0.06
0.0
-0.275
-0.291391
22.22
1444.5
242.2
0.0
0.08
0.0
-0.281
-0.268408
22.13
1446.2
241.7
0.0
-0.1
0.0
-0.276
-0.241165
22.13
1448.6
241.9
0.0
-0.05
0.0
-0.271
-0.21009
22.07
1450.5
241.6
0.0
0.06
0.0
-0.248
-0.175806
22.15
1453.8
242.6
0.0
0.02
0.0
-0.241
-0.138615
22.03
1455.1
241.7
0.0
0.01
0.0
-0.208
-0.0993018
22.15
1458.7
243.1
0.0
-0.08
0.0
-0.187
-0.0584213
22.1
1460.6
242.8
0.0
0.09
0.0
-0.159
-0.0165949
22.1
1463.0
243.0
0.0
-0.02
0.0
-0.135
0.0253946
22.04
1464.7
242.5
0.0
-0.09
0.0
-0.111
0.0671083
21.96
1466.3
241.9
0.0
0.02
0.0
-0.08
0.107754
21.94
1468.3
241.7
0.0
-0.02
0.0
-0.041
0.146587
21.99
1471.1
242.3
0.0
-0.07
0.0
-0.006
0.183219
21.99
1473.3
242.4
0.0
0.02
0.0
0.031
0.216912
22.02
1475.8
242.6
0.0
-0.09
0.0
0.06
0.247185
21.97
1477.4
242.1
0.0
0.07
0.0
0.101
0.273608
22.06
1480.4
242.9
0.0
-0.01
0.0
0.118
0.295706
21.93
1481.3
241.5
0.0
-0.0
0.0
0.154
0.313053
22.01
1484.1
242.1
0.0
-0.09
0.0
0.183
0.325572
22.05
1486.5
242.3
0.0
-0.06
0.0
0.198
0.332932
21.98
1487.9
241.5
0.0
0.03
0.0
0.224
0.335041
22.06
1490.6
242.0
0.0
0.1
0.0
0.252
0.331841
22.18
1493.9
243.0
0.0
0.09
0.0
0.252
0.323406
22.08
1494.8
241.8
0.0
0.05
0.0
0.277
0.309835
22.26
1498.5
243.3
0.0
-0.02
0.0
0.272
0.291444
22.2
1499.8
242.4
0.0
0.04
0.0
0.276
0.268461
22.25
1502.3
242.6
0.0
0.04
0.0
0.263
0.241216
22.19
1503.7
241.8
0.0
-0.05
0.0
0.266
0.210139
22.33
1507.0
242.9
0.0
0.1
0.0
0.254
0.175751
22.36
1509.3
242.9
0.0
-0.01
0.0
0.241
0.138659
22.41
1511.8
243.2
0.0
0.05
0.0
0.208
0.0993436
22.3
1512.7
241.8
0.0
-0.03
0.0
0.193
0.058461
22.4
1515.8
242.7
0.0
-0.03
0.0
0.155
0.0166321
22.3
1516.8
241.5
0.0
0.1
0.0
0.129
-0.0254601
22.34
1519.3
241.8
0.0
0.05
0.0
0.097
-0.0671755
22.34
1521.5
241.7
0.0
0.07
0.0
0.081
-0.107721
22.52
1525.4
243.3
0.0
-0.02
0.0
0.032
-0.146655
22.37
1526.1
241.8
0.0
0.07
0.0
0.001
-0.183286
22.41
1528.7
242.1
0.0
-0.07
0.0
-0.031
-0.216978
22.43
1531.1
242.3
0.0
0.09
0.0
-0.071
-0.247248
22.36
1532.8
241.8
0.0
-0.03
0.0
-0.089
-0.273668
22.5
1536.4
243.2
0.0
-0.02
0.0
-0.119
-0.295662
22.5
1538.8
243.3
0.0
-0.02
0.0
-0.152
-0.313106
22.45
1540.7
243.0
0.0
0.04
0.0
-0.181
-0.325623
22.41
1542.7
242.7
0.0
0.07
0.0
-0.2
-0.33288
22.45
1545.5
243.3
0.0
0.09
0.0
-0.22
-0.334986
22.43
1547.8
243.3
0.0
-0.09
0.0
-0.24
-0.331785
22.38
1549.8
243.1
0.0
0.03
0.0
-0.262
-0.323351
22.26
1551.1
242.1
0.0
-0.06
0.0
-0.276
-0.309881
22.18
1552.8
241.6
0.0
-0.03
0.0
-0.283
-0.291391
22.14
1554.8
241.5
0.0
-0.07
0.0
-0.266
-0.268408
22.29
1558.9
243.3
0.0
-0.08
0.0
-0.262
-0.241165
22.26
1561.1
243.2
0.0
-0.07
0.0
-0.265
-0.21009
22.12
1562.2
242.1
0.0
-0.02
0.0
-0.256
-0.175806
22.07
1564.1
241.9
0.0
-0.02
0.0
-0.239
-0.138615
22.06
1566.4
241.9
0.0
-0.09
0.0
-0.215
-0.0993018
22.07
1569.0
242.3
0.0
-0.01
0.0
-0.192
-0.0584213
22.05
1571.2
242.3
0.0
-0.08
0.0
-0.175
-0.0165949
21.95
1572.6
241.5
0.0
0.08
0.0
-0.127
0.0253946
22.12
1576.6
243.4
0.0
-0.01
0.0
-0.114
0.0671083
21.94
1577.1
241.6
0.0
0.05
0.0
-0.081
0.107754
21.93
1579.3
241.6
0.0
0.05
0.0
-0.047
0.146587
21.93
1581.6
241.7
0.0
0.05
0.0
0.002
0.183219
22.07
1585.3
243.2
0.0
0.03
0.0
0.038
0.216912
22.09
1587.6
243.3
0.0
-0.06
0.0
0.073
0.247185
22.1
1589.9
243.4
0.0
-0.09
0.0
0.1
0.273608
22.06
1591.5
242.8
0.0
-0.09
0.0
0.126
0.295706
22.01
1593.2
242.3
0.0
-0.02
0.0
0.147
0.313053
21.95
1594.6
241.5
0.0
0.06
0.0
0.189
0.325572
22.11
1598.2
242.9
0.0
-0.04
0.0
0.204
0.332932
22.04
1599.5
242.0
0.0
0.08
0.0
0.235
0.335041
22.17
1602.8
243.1
0.0
-0.02
0.0
0.244
0.331841
22.11
1604.2
242.3
0.0
-0.06
0.0
0.269
0.323406
22.25
1607.6
243.4
0.0
-0.09
0.0
0.264
0.309835
22.13
1608.4
242.0
0.0
-0.09
0.0
0.264
0.291444
22.12
1610.2
241.6
0.0
0.04
0.0
0.276
0.268461
22.26
1613.5
242.7
0.0
-0.08
0.0
0.267
0.241216
22.23
1615.2
242.1
0.0
-0.03
0.0
0.261
0.210139
22.28
1617.6
242.3
0.0
-0.03
0.0
0.252
0.175751
22.33
1620.2
242.7
0.0
0.06
0.0
0.224
0.138659
22.24
1621.2
241.5
0.0
-0.06
0.0
0.217
0.0993436
22.39
1624.7
242.7
0.0
-0.08
0.0
0.196
0.058461
22.43
1627.2
243.0
0.0
-0.09
0.0
0.172
0.0166321
22.47
1629.6
243.2
0.0
-0.04
0.0
0.143
-0.0254601
22.48
1631.8
243.2
0.0
0.04
0.0
0.105
-0.0671755
22.42
1633.3
242.4
0.0
-0.0
0.0
0.069
-0.107721
22.4
1635.2
242.1
0.0
0.08
0.0
0.04
-0.146655
22.45
1637.9
242.5
0.0
-0.02
0.0
0.001
-0.183286
22.4
1639.7
242.0
0.0
-0.09
0.0
-0.029
-0.216978
22.45
1642.5
242.6
0.0
-0.02
0.0
-0.069
-0.247248
22.38
1644.0
241.9
0.0
0.07
0.0
-0.099
-0.273668
22.4
1646.6
242.2
0.0
-0.03
0.0
-0.125
-0.295662
22.44
1649.4
242.7
0.0
-0.07
0.0
-0.157
-0.313106
22.4
1651.3
242.4
0.0
-0.02
0.0
-0.175
-0.325623
22.47
1654.5
243.4
0.0
0.07
0.0
-0.211
-0.33288
22.34
1655.5
242.2
0.0
0.1
0.0
-0.231
-0.334986
22.32
1657.8
242.2
0.0
0.01
0.0
-0.251
-0.331785
22.26
1659.7
241.9
0.0
-0.02
0.0
-0.269
-0.323351
22.19
1661.5
241.5
0.0
-0.03
0.0
-0.26
-0.309881
22.35
1665.6
243.3
0.0
-0.09
0.0
-0.283
-0.291391
22.14
1665.9
241.5
0.0
0.07
0.0
-0.272
-0.268408
22.23
1669.4
242.7
0.0
-0.06
0.0
-0.272
-0.241165
22.16
1671.2
242.2
0.0
-0.03
0.0
-0.26
-0.21009
22.18
1673.8
242.7
0.0
-0.01
0.0
-0.254
-0.175806
22.09
1675.4
242.0
0.0
-0.03
0.0
-0.243
-0.138615
22.01
1677.1
241.5
0.0
-0.05
0.0
-0.21
-0.0993018
22.13
1680.7
242.9
0.0
-0.07
0.0
-0.199
-0.0584213
21.99
1681.7
241.7
0.0
-0.08
0.0
-0.166
-0.0165949
22.04
1684.5
242.3
0.0
0.09
0.0
-0.131
0.0253946
22.08
1687.4
243.0
0.0
-0.04
0.0
-0.11
0.0671083
21.97
1688.5
241.9
0.0
0.02
0.0
-0.068
0.107754
22.06
1691.7
242.9
0.0
-0.03
0.0
-0.031
0.146587
22.08
1694.2
243.2
0.0
-0.04
0.0
-0.009
0.183219
21.96
1695.2
242.0
0.0
0.06
0.0
0.029
0.216912
22.0
1697.8
242.4
0.0
-0.03
0.0
0.069
0.247185
22.07
1700.6
243.0
0.0
-0.06
0.0
0.092
0.273608
21.97
1701.8
242.0
0.0
-0.1
0.0
0.126
0.295706
22.01
1704.2
242.2
0.0
-0.02
0.0
0.154
0.313053
22.01
1706.3
242.1
0.0
0.08
0.0
0.184
0.325572
22.06
1708.9
242.4
0.0
0.1
0.0
0.216
0.332932
22.16
1711.9
243.3
0.0
0.04
0.0
0.226
0.335041
22.08
1713.0
242.2
0.0
0.03
0.0
0.242
0.331841
22.09
1715.1
242.1
0.0
0.02
0.0
0.251
0.323406
22.07
1716.9
241.6
0.0
0.09
0.0
0.277
0.309835
22.27
1720.8
243.3
0.0
0.08
0.0
0.276
0.291444
22.24
1722.5
242.8
0.0
-0.1
0.0
0.276
0.268461
22.25
1724.6
242.6
0.0
0.04
0.0
0.277
0.241216
22.33
1727.3
243.1
0.0
0.02
0.0
0.267
0.210139
22.34
1729.3
242.9
0.0
-0.09
0.0
0.254
0.175751
22.36
1731.5
242.9
0.0
0.03
0.0
0.237
0.138659
22.37
1733.7
242.8
0.0
-0.04
0.0
0.218
0.0993436
22.39
1735.9
242.8
0.0
-0.01
0.0
0.19
0.058461
22.37
1737.7
242.4
0.0
0.09
0.0
0.162
0.0166321
22.37
1739.8
242.2
0.0
0.01
0.0
0.128
-0.0254601
22.34
1741.5
241.7
0.0
0.0
0.0
0.108
-0.0671755
22.46
1744.8
242.8
0.0
-0.07
0.0
0.082
-0.107721
22.52
1747.6
243.4
0.0
0.04
0.0
0.047
-0.146655
22.52
1749.8
243.3
0.0
0.09
0.0
0.002
-0.183286
22.42
1751.0
242.2
0.0
0.08
0.0
-0.029
-0.216978
22.45
1753.5
242.5
0.0
0.03
0.0
-0.057
-0.247248
22.5
1756.3
243.1
0.0
-0.03
0.0
-0.093
-0.273668
22.46
1758.3
242.8
0.0
0.03
0.0
-0.12
-0.295662
22.5
1761.0
243.3
0.0
0.03
0.0
-0.167
-0.313106
22.3
1761.5
241.5
0.0
-0.05
0.0
-0.182
-0.325623
22.4
1764.9
242.6
0.0
0.03
0.0
-0.212
-0.33288
22.33
1766.5
242.1
0.0
-0.01
0.0
-0.229
-0.334986
22.34
1769.1
242.4
0.0
0.06
0.0
-0.248
-0.331785
22.29
1771.1
242.2
0.0
-0.03
0.0
-0.25
-0.323351
22.39
1774.6
243.4
0.0
0.04
0.0
-0.261
-0.309881
22.34
1776.6
243.2
0.0
0.03
0.0
-0.275
-0.291391
22.22
1777.9
242.3
0.0
-0.05
0.0
-0.276
-0.268408
22.18
1780.0
242.2
0.0
0.08
0.0
-0.271
-0.241165
22.18
1782.4
242.4
0.0
0.02
0.0
-0.269
-0.21009
22.09
1784.0
241.8
0.0
-0.02
0.0
-0.248
-0.175806
22.15
1787.1
242.6
0.0
0.06
0.0
-0.228
-0.138615
22.17
1789.8
243.1
0.0
-0.0
0.0
-0.222
-0.0993018
22.01
1790.6
241.7
0.0
0.08
0.0
-0.191
-0.0584213
22.06
1793.5
242.4
0.0
-0.02
0.0
-0.17
-0.0165949
21.99
1795.2
241.9
0.0
-0.04
0.0
-0.142
0.0253946
21.97
1797.3
241.8
0.0
-0.05
0.0
-0.107
0.0671083
22.0
1799.9
242.2
0.0
-0.1
0.0
-0.072
0.107754
22.02
1802.5
242.6
0.0
-0.02
0.0
-0.029
0.146587
22.11
1805.6
243.4
0.0
-0.06
0.0
-0.002
0.183219
22.03
1807.1
242.7
0.0
0.05
0.0
0.034
0.216912
22.05
1809.4
242.9
0.0
0.02
0.0
0.058
0.247185
21.95
1810.6
241.8
0.0
0.06
0.0
0.091
0.273608
21.96
1812.8
241.9
0.0
-0.0
0.0
0.132
0.295706
22.07
1816.0
242.9
0.0
-0.02
0.0
0.166
0.313053
22.13
1818.7
243.3
0.0
0.07
0.0
0.185
0.325572
22.07
1820.1
242.5
0.0
-0.07
0.0
0.2
0.332932
22.0
1821.4
241.7
0.0
-0.05
0.0
0.226
0.335041
22.08
1824.2
242.2
0.0
0.0
0.0
0.252
0.331841
22.19
1827.2
243.0
0.0
-0.07
0.0
0.257
0.323406
22.14
1828.7
242.3
0.0
0.1
0.0
0.272
0.309835
22.22
1831.4
242.8
0.0
0.05
0.0
0.281
0.291444
22.28
1834.0
243.2
0.0
-0.06
0.0
0.265
0.268461
22.15
1834.6
241.6
0.0
0.04
0.0
0.276
0.241216
22.32
1838.3
243.1
0.0
-0.01
0.0
0.268
0.210139
22.35
1840.5
243.0
0.0
0.03
0.0
0.256
0.175751
22.37
1842.8
243.0
0.0
0.08
0.0
0.224
0.138659
22.24
1843.4
241.5
0.0
0.07
0.0
0.217
0.0993436
22.39
1846.9
242.7
0.0
-0.06
0.0
0.192
0.058461
22.39
1848.9
242.5
0.0
0.09
0.0
0.165
0.0166321
22.4
1851.2
242.5
0.0
0.08
0.0
0.136
-0.0254601
22.41
1853.4
242.5
0.0
0.04
0.0
0.105
-0.0671755
22.42
1855.5
242.4
0.0
0.09
0.0
0.08
-0.107721
22.5
1858.5
243.2
0.0
-0.02
0.0
0.036
-0.146655
22.41
1859.8
242.2
0.0
0.07
0.0
0.005
-0.183286
22.44
1862.3
242.4
0.0
-0.08
0.0
-0.029
-0.216978
22.45
1864.7
242.6
0.0
0.03
0.0
-0.063
-0.247248
22.44
1866.8
242.5
0.0
-0.08
0.0
-0.106
-0.273668
22.33
1868.1
241.5
0.0
0.04
0.0
-0.122
-0.295662
22.47
1871.9
243.0
0.0
-0.06
0.0
-0.154
-0.313106
22.43
1873.8
242.7
0.0
0.06
0.0
-0.192
-0.325623
22.3
1875.0
241.6
0.0
-0.08
0.0
-0.21
-0.33288
22.34
1877.8
242.2
0.0
-0.02
0.0
-0.222
-0.334986
22.41
1880.9
243.1
0.0
-0.06
0.0
-0.25
-0.331785
22.27
1882.0
242.0
0.0
-0.08
0.0
-0.268
-0.323351
22.2
1883.8
241.5
0.0
0.0
0.0
-0.277
-0.309881
22.18
1886.1
241.6
0.0
0.1
0.0
-0.274
-0.291391
22.23
1889.1
242.3
0.0
-0.07
0.0
-0.277
-0.268408
22.18
1891.0
242.1
0.0
0.08
0.0
-0.279
-0.241165
22.09
1892.7
241.5
0.0
-0.04
0.0
-0.254
-0.21009
22.24
1896.7
243.3
0.0
0.02
0.0
-0.243
-0.175806
22.2
1898.7
243.1
0.0
0.07
0.0
-0.228
-0.138615
22.17
1900.9
243.1
0.0
-0.02
0.0
-0.223
-0.0993018
22.0
1901.6
241.6
0.0
-0.1
0.0
-0.183
-0.0584213
22.14
1905.4
243.2
0.0
-0.1
0.0
-0.156
-0.0165949
22.14
1907.8
243.4
0.0
-0.06
0.0
-0.145
0.0253946
21.95
1908.2
241.6
0.0
-0.02
0.0
-0.113
0.0671083
21.94
1910.5
241.7
0.0
-0.06
0.0
-0.075
0.107754
21.99
1913.2
242.2
0.0
0.07
0.0
-0.04
0.146587
22.0
1915.6
242.4
0.0
0.06
0.0
0.002
0.183219
22.07
1918.6
243.1
0.0
-0.08
0.0
0.026
0.216912
21.97
1919.8
242.1
0.0
-0.04
0.0
0.062
0.247185
21.99
1922.1
242.3
0.0
-0.04
0.0
0.096
0.273608
22.01
1924.4
242.4
0.0
0.02
0.0
0.125
0.295706
22.0
1926.4
242.2
0.0
0.08
0.0
0.149
0.313053
21.96
1928.0
241.6
0.0
-0.05
0.0
0.182
0.325572
22.04
1930.9
242.2
0.0
-0.04
0.0
0.209
0.332932
22.09
1933.3
242.5
0.0
-0.08
0.0
0.233
0.335041
22.14
1935.9
242.8
0.0
-0.03
0.0
0.246
0.331841
22.12
1937.7
242.4
0.0
-0.09
0.0
0.269
0.323406
22.25
1940.9
243.4
0.0
0.02
0.0
0.262
0.309835
22.12
1941.5
241.8
0.0
0.01
0.0
0.272
0.291444
22.19
1944.3
242.3
0.0
-0.03
0.0
0.271
0.268461
22.21
1946.3
242.2
0.0
0.01
0.0
0.269
0.241216
22.25
1948.7
242.3
0.0
0.1
0.0
0.266
0.210139
22.33
1951.5
242.9
0.0
0.07
0.0
0.242
0.175751
22.23
1952.5
241.6
0.0
0.08
0.0
0.234
0.138659
22.34
1955.5
242.4
0.0
-0.07
0.0
0.216
0.0993436
22.38
1958.0
242.7
0.0
0.02
0.0
0.19
0.058461
22.37
1959.9
242.3
0.0
0.07
0.0
0.172
0.0166321
22.47
1962.9
243.2
0.0
0.1
0.0
0.145
-0.0254601
22.5
1965.3
243.3
0.0
0.03
0.0
0.098
-0.0671755
22.35
1966.0
241.7
0.0
0.05
0.0
0.074
-0.107721
22.45
1969.1
242.6
0.0
0.05
0.0
0.038
-0.146655
22.43
1971.1
242.3
0.0
0.03
0.0
0.006
-0.183286
22.45
1973.6
242.6
0.0
0.01
0.0
-0.02
-0.216978
22.53
1976.6
243.4
0.0
0.05
0.0
-0.07
-0.247248
22.37
1977.3
241.8
0.0
0.06
0.0
-0.089
-0.273668
22.5
1981.0
243.2
0.0
-0.0
0.0
-0.119
-0.295662
22.51
1983.3
243.4
0.0
0.02
0.0
-0.149
-0.313106
22.48
1985.4
243.2
0.0
0.09
0.0
-0.178
-0.325623
22.44
1987.5
243.1
0.0
-0.08
0.0
-0.215
-0.33288
22.3
1988.5
241.8
0.0
-0.09
0.0
-0.232
-0.334986
22.31
1991.0
242.1
0.0
-0.03
0.0
-0.253
-0.331785
22.25
1992.9
241.8
0.0
-0.08
0.0
-0.266
-0.323351
22.22
1995.1
241.8
0.0
0.06
0.0
-0.27
-0.309881
22.24
1997.8
242.2
0.0
-0.0
0.0
-0.27
-0.291391
22.27
2000.6
242.7
0.0
-0.01
0.0
-0.276
-0.268408
22.18
2002.2
242.2
0.0
-0.04
0.0
-0.266
-0.241165
22.22
2005.1
242.8
0.0
0.0
0.0
-0.259
-0.21009
22.18
2007.2
242.7
0.0
-0.03
0.0
-0.244
-0.175806
22.19
2009.7
243.0
0.0
-0.08
0.0
-0.235
-0.138615
22.09
2011.2
242.3
0.0
0.02
0.0
-0.218
-0.0993018
22.05
2013.2
242.1
0.0
-0.1
0.0
-0.183
-0.0584213
22.15
2016.6
243.3
0.0
-0.01
0.0
-0.161
-0.0165949
22.08
2018.3
242.8
0.0
-0.08
0.0
-0.133
0.0253946
22.07
2020.5
242.8
0.0
-0.03
0.0
-0.102
0.0671083
22.06
2022.7
242.8
0.0
-0.08
0.0
-0.073
0.107754
22.01
2024.6
242.4
0.0
-0.06
0.0
-0.033
0.146587
22.06
2027.3
243.0
0.0
0.0
0.0
-0.002
0.183219
22.03
2029.2
242.7
0.0
-0.0
0.0
0.029
0.216912
22.0
2031.1
242.3
0.0
-0.09
0.0
0.072
0.247185
22.1
2034.3
243.3
0.0
0.07
0.0
0.087
0.273608
21.92
2034.7
241.5
0.0
0.09
0.0
0.131
0.295706
22.06
2038.1
242.7
0.0
0.07
0.0
0.16
0.313053
22.07
2040.3
242.8
0.0
0.1
0.0
0.177
0.325572
21.99
2041.5
241.7
0.0
0.07
0.0
0.211
0.332932
22.11
2044.7
242.7
0.0
0.06
0.0
0.221
0.335041
22.02
2045.8
241.6
0.0
0.08
0.0
0.249
0.331841
22.16
2049.2
242.8
0.0
0.02
0.0
0.267
0.323406
22.23
2051.8
243.2
0.0
0.07
0.0
0.27
0.309835
22.2
2053.5
242.6
0.0
0.01
0.0
0.281
0.291444
22.29
2056.3
243.2
0.0
0.08
0.0
0.264
0.268461
22.14
2056.8
241.5
0.0
-0.07
0.0
0.28
0.241216
22.36
2060.9
243.4
0.0
-0.1
0.0
0.263
0.210139
22.3
2062.3
242.6
0.0
0.07
0.0
0.248
0.175751
22.29
2064.2
242.2
0.0
0.07
0.0
0.234
0.138659
22.34
2066.7
242.5
0.0
0.06
0.0
0.213
0.0993436
22.35
2068.7
242.3
0.0
0.05
0.0
0.192
0.058461
22.39
2071.2
242.5
0.0
0.05
0.0
0.171
0.0166321
22.46
2074.0
243.1
0.0
0.02
0.0
0.128
-0.0254601
22.33
2074.8
241.7
0.0
0.01
0.0
0.096
-0.0671755
22.33
2076.9
241.5
0.0
0.08
0.0
0.067
-0.107721
22.38
2079.5
241.9
0.0
0.02
0.0
0.035
-0.146655
22.39
2081.9
242.0
0.0
-0.08
0.0
0.009
-0.183286
22.48
2084.9
242.8
0.0
0.02
0.0
-0.032
-0.216978
22.42
2086.6
242.2
0.0
0.05
0.0
-0.064
-0.247248
22.43
2089.0
242.4
0.0
-0.04
0.0
-0.095
-0.273668
22.44
2091.4
242.6
0.0
-0.04
0.0
-0.12
-0.295662
22.5
2094.4
243.3
0.0
0.01
0.0
-0.163
-0.313106
22.35
2095.2
241.9
0.0
0.03
0.0
-0.188
-0.325623
22.34
2097.6
242.0
0.0
-0.09
0.0
-0.218
-0.33288
22.27
2099.3
241.5
0.0
0.1
0.0
-0.228
-0.334986
22.35
2102.5
242.5
0.0
0.06
0.0
-0.249
-0.331785
22.29
2104.4
242.2
0.0
0.03
0.0
-0.264
-0.323351
22.24
2106.4
242.0
0.0
-0.04
0.0
-0.267
-0.309881
22.28
2109.3
242.6
0.0
0.09
0.0
-0.28
-0.291391
22.17
2110.7
241.7
0.0
0.0
0.0
-0.272
-0.268408
22.23
2113.8
242.7
0.0
0.08
0.0
-0.27
-0.241165
22.19
2115.9
242.5
0.0
0.01
0.0
-0.255
-0.21009
22.22
2118.7
243.1
0.0
-0.01
0.0
-0.247
-0.175806
22.16
2120.6
242.8
0.0
0.09
0.0
-0.227
-0.138615
22.17
2123.1
243.1
0.0
-0.08
0.0
-0.22
-0.0993018
22.03
2124.1
241.9
0.0
0.1
0.0
-0.2
-0.0584213
21.97
2125.9
241.5
0.0
-0.05
0.0
-0.169
-0.0165949
22.0
2128.6
242.0
0.0
0.02
0.0
-0.134
0.0253946
22.05
2131.5
242.6
0.0
0.01
0.0
-0.111
0.0671083
21.96
2132.9
241.9
0.0
0.05
0.0
-0.081
0.107754
21.92
2134.8
241.6
0.0
-0.02
0.0
-0.042
0.146587
21.98
2137.6
242.2
0.0
-0.09
0.0
0.0
0.183219
22.05
2140.6
243.0
0.0
0.0
0.0
0.039
0.216912
22.1
2143.3
243.4
0.0
-0.07
0.0
0.06
0.247185
21.98
2144.2
242.1
0.0
0.01
0.0
0.094
0.273608
21.99
2146.4
242.2
0.0
0.01
0.0
0.13
0.295706
22.05
2149.1
242.6
0.0
0.04
0.0
0.162
0.313053
22.09
2151.6
243.0
0.0
-0.01
0.0
0.189
0.325572
22.11
2153.8
242.9
0.0
-0.03
0.0
0.203
0.332932
22.03
2155.0
241.9
0.0
-0.03
0.0
0.231
0.335041
22.13
2158.0
242.7
0.0
-0.07
0.0
0.251
0.331841
22.18
2160.5
243.0
0.0
0.05
0.0
0.255
0.323406
22.11
2161.7
242.0
0.0
-0.03
0.0
0.277
0.309835
22.26
2165.2
243.3
0.0
0.03
0.0
0.277
0.291444
22.25
2167.0
242.9
0.0
-0.09
0.0
0.277
0.268461
22.27
2169.2
242.8
0.0
0.08
0.0
0.277
0.241216
22.33
2171.7
243.1
0.0
-0.08
0.0
0.254
0.210139
22.2
2172.4
241.6
0.0
-0.08
0.0
0.258
0.175751
22.39
2176.3
243.2
0.0
-0.02
0.0
0.226
0.138659
22.25
2176.9
241.6
0.0
0.03
0.0
0.217
0.0993436
22.39
2180.2
242.7
0.0
-0.0
0.0
0.187
0.058461
22.34
2181.9
242.1
0.0
-0.01
0.0
0.164
0.0166321
22.39
2184.4
242.4
0.0
-0.06
0.0
0.146
-0.0254601
22.51
2187.7
243.4
0.0
-0.02
0.0
0.114
-0.0671755
22.52
2189.9
243.4
0.0
-0.08
0.0
0.07
-0.107721
22.4
2190.9
242.1
0.0
-0.0
0.0
0.03
-0.146655
22.35
2192.5
241.5
0.0
-0.08
0.0
-0.003
-0.183286
22.37
2194.9
241.7
0.0
-0.03
0.0
-0.027
-0.216978
22.46
2198.2
242.7
0.0
-0.04
0.0
-0.055
-0.247248
22.52
2201.0
243.3
0.0
-0.03
0.0
-0.092
-0.273668
22.47
2202.8
242.9
0.0
-0.05
0.0
-0.135
-0.295662
22.34
2203.9
241.7
0.0
0.01
0.0
-0.163
-0.313106
22.34
2206.3
241.8
0.0
-0.09
0.0
-0.182
-0.325623
22.41
2209.4
242.7
0.0
-0.1
0.0
-0.2
-0.33288
22.45
2212.2
243.3
0.0
-0.07
0.0
-0.232
-0.334986
22.31
2213.2
242.1
0.0
0.08
0.0
-0.251
-0.331785
22.26
2215.3
241.9
0.0
0.05
0.0
-0.259
-0.323351
22.29
2218.0
242.4
0.0
0.02
0.0
-0.267
-0.309881
22.28
2220.4
242.6
0.0
0.09
0.0
-0.279
-0.291391
22.18
2221.9
241.9
0.0
0.08
0.0
-0.268
-0.268408
22.27
2225.3
243.1
0.0
-0.05
0.0
-0.277
-0.241165
22.11
2226.2
241.7
0.0
0.08
0.0
-0.263
-0.21009
22.14
2229.0
242.3
0.0
-0.01
0.0
-0.251
-0.175806
22.12
2231.2
242.3
0.0
0.01
0.0
-0.236
-0.138615
22.09
2233.4
242.2
0.0
-0.03
0.0
-0.215
-0.0993018
22.08
2235.7
242.4
0.0
-0.09
0.0
-0.189
-0.0584213
22.09
2238.2
242.7
0.0
0.01
0.0
-0.17
-0.0165949
22.0
2239.7
241.9
0.0
-0.03
0.0
-0.135
0.0253946
22.04
2242.5
242.5
0.0
0.05
0.0
-0.11
0.0671083
21.97
2244.1
242.0
0.0
0.03
0.0
-0.064
0.107754
22.1
2247.7
243.3
0.0
0.08
0.0
-0.037
0.146587
22.03
2249.2
242.7
0.0
0.07
0.0
0.005
0.183219
22.1
2252.2
243.4
0.0
-0.03
0.0
0.034
0.216912
22.05
2253.8
242.8
0.0
0.03
0.0
0.067
0.247185
22.04
2255.9
242.7
0.0
0.04
0.0
0.092
0.273608
21.98
2257.4
242.0
0.0
-0.02
0.0
0.124
0.295706
21.99
2259.6
242.0
0.0
-0.1
0.0
0.159
0.313053
22.06
2262.4
242.7
0.0
-0.1
0.0
0.187
0.325572
22.09
2264.7
242.8
0.0
-0.02
0.0
0.209
0.332932
22.09
2266.7
242.6
0.0
0.1
0.0
0.232
0.335041
22.13
2269.2
242.8
0.0
-0.06
0.0
0.238
0.331841
22.05
2270.3
241.7
0.0
0.03
0.0
0.265
0.323406
22.22
2273.9
243.1
0.0
0.08
0.0
0.259
0.309835
22.09
2274.6
241.5
0.0
0.07
0.0
0.27
0.291444
22.17
2277.4
242.1
0.0
0.07
0.0
0.27
0.268461
22.2
2279.6
242.1
0.0
0.08
0.0
0.276
0.241216
22.32
2282.7
243.0
0.0
-0.04
0.0
0.262
0.210139
22.29
2284.4
242.5
0.0
0.03
0.0
0.257
0.175751
22.38
2287.3
243.2
0.0
-0.02
0.0
0.229
0.138659
22.29
2288.4
242.0
0.0
0.1
0.0
0.211
0.0993436
22.33
2290.8
242.2
0.0
-0.01
0.0
0.185
0.058461
22.32
2292.7
241.8
0.0
0.04
0.0
0.159
0.0166321
22.34
2295.0
241.9
0.0
0.09
0.0
0.133
-0.0254601
22.38
2297.5
242.1
0.0
0.01
0.0
0.099
-0.0671755
22.36
2299.4
241.8
0.0
-0.01
0.0
0.072
-0.107721
22.43
2302.2
242.4
0.0
-0.04
0.0
0.045
-0.146655
22.5
2305.2
243.1
0.0
0.08
0.0
0.01
-0.183286
22.5
2307.3
243.0
0.0
0.1
0.0
-0.039
-0.216978
22.35
2308.1
241.6
0.0
-0.04
0.0
-0.071
-0.247248
22.36
2310.5
241.7
0.0
-0.1
0.0
-0.096
-0.273668
22.43
2313.6
242.5
0.0
-0.03
0.0
-0.134
-0.295662
22.36
2315.2
241.9
0.0
0.08
0.0
-0.153
-0.313106
22.45
2318.4
242.9
0.0
-0.08
0.0
-0.189
-0.325623
22.33
2319.7
242.0
0.0
-0.04
0.0
-0.204
-0.33288
22.4
2322.8
242.8
0.0
0.0
0.0
-0.239
-0.334986
22.24
2323.7
241.5
0.0
-0.08
0.0
-0.237
-0.331785
22.41
2327.9
243.4
0.0
0.05
0.0
-0.25
-0.323351
22.38
2330.1
243.4
0.0
-0.04
0.0
-0.273
-0.309881
22.22
2330.9
242.0
0.0
-0.04
0.0
-0.279
-0.291391
22.18
2333.1
241.9
0.0
-0.03
0.0
-0.267
-0.268408
22.28
2336.5
243.1
0.0
-0.02
0.0
-0.26
-0.241165
22.28
2339.0
243.4
0.0
-0.05
0.0
-0.258
-0.21009
22.19
2340.6
242.8
0.0
-0.0
0.0
-0.245
-0.175806
22.18
2343.0
243.0
0.0
-0.05
0.0
-0.226
-0.138615
22.19
2345.5
243.2
0.0
0.09
0.0
-0.213
-0.0993018
22.09
2347.0
242.5
0.0
-0.09
0.0
-0.199
-0.0584213
21.99
2348.3
241.7
0.0
0.1
0.0
-0.164
-0.0165949
22.06
2351.4
242.5
0.0
0.06
0.0
-0.132
0.0253946
22.07
2353.9
242.9
0.0
-0.01
0.0
-0.106
0.0671083
22.02
2355.7
242.4
0.0
-0.06
0.0
-0.081
0.107754
21.93
2357.1
241.6
0.0
-0.08
0.0
-0.03
0.146587
22.1
2361.0
243.4
0.0
0.01
0.0
0.005
0.183219
22.1
2363.3
243.4
0.0
0.01
0.0
0.02
0.216912
21.91
2363.6
241.5
0.0
0.03
0.0
0.064
0.247185
22.02
2366.8
242.5
0.0
-0.08
0.0
0.09
0.273608
21.95
2368.3
241.8
0.0
0.03
0.0
0.126
0.295706
22.01
2371.0
242.3
0.0
-0.07
0.0
0.164
0.313053
22.11
2374.0
243.1
0.0
-0.02
0.0
0.192
0.325572
22.14
2376.3
243.2
0.0
0.08
0.0
0.207
0.332932
22.07
2377.6
242.3
0.0
-0.02
0.0
0.226
0.335041
22.07
2379.7
242.2
0.0
0.03
0.0
0.252
0.331841
22.18
2382.7
243.0
0.0
0.02
0.0
0.263
0.323406
22.2
2384.8
242.9
0.0
0.06
0.0
0.27
0.309835
22.2
2386.8
242.7
0.0
-0.01
0.0
0.269
0.291444
22.16
2388.4
242.0
0.0
0.04
0.0
0.28
0.268461
22.3
2391.7
243.1
0.0
0.06
0.0
0.28
0.241216
22.36
2394.3
243.4
0.0
-0.05
0.0
0.261
0.210139
22.27
2395.3
242.3
0.0
-0.09
0.0
0.24
0.175751
22.22
2396.8
241.5
0.0
0.04
0.0
0.241
0.138659
22.41
2400.7
243.2
0.0
0.06
0.0
0.208
0.0993436
22.3
2401.6
241.9
0.0
0.09
0.0
0.193
0.058461
22.4
2404.6
242.7
0.0
0.1
0.0
0.158
0.0166321
22.33
2406.0
241.8
0.0
-0.09
0.0
0.14
-0.0254601
22.45
2409.3
242.9
0.0
0.08
0.0
0.114
-0.0671755
22.51
2412.1
243.4
0.0
-0.09
0.0
0.075
-0.107721
22.46
2413.6
242.7
0.0
-0.02
0.0
0.044
-0.146655
22.49
2416.1
242.9
0.0
-0.07
0.0
0.006
-0.183286
22.45
2418.0
242.6
0.0
-0.01
0.0
-0.021
-0.216978
22.52
2421.0
243.3
0.0
-0.1
0.0
-0.072
-0.247248
22.35
2421.5
241.6
0.0
0.07
0.0
-0.089
-0.273668
22.51
2425.4
243.2
0.0
0.08
0.0
-0.134
-0.295662
22.35
2426.2
241.8
0.0
0.0
0.0
-0.158
-0.313106
22.39
2429.0
242.3
0.0
-0.04
0.0
-0.194
-0.325623
22.29
2430.4
241.5
0.0
-0.02
0.0
-0.201
-0.33288
22.44
2434.3
243.2
0.0
-0.02
0.0
-0.221
-0.334986
22.42
2436.5
243.2
0.0
-0.06
0.0
-0.245
-0.331785
22.32
2438.1
242.5
0.0
0.01
0.0
-0.262
-0.323351
22.27
2440.0
242.2
0.0
-0.04
0.0
-0.261
-0.309881
22.33
2443.2
243.1
0.0
-0.03
0.0
-0.27
-0.291391
22.27
2445.1
242.8
0.0
-0.09
0.0
-0.273
-0.268408
22.22
2447.0
242.5
0.0
0.06
0.0
-0.261
-0.241165
22.28
2450.1
243.4
0.0
0.02
0.0
-0.266
-0.21009
22.11
2450.9
242.0
0.0
-0.04
0.0
-0.244
-0.175806
22.19
2454.1
243.0
0.0
-0.05
0.0
-0.233
-0.138615
22.12
2455.9
242.6
0.0
-0.01
0.0
-0.208
-0.0993018
22.14
2458.6
243.0
0.0
0.04
0.0
-0.19
-0.0584213
22.07
2460.3
242.6
0.0
0.07
0.0
-0.162
-0.0165949
22.07
2462.7
242.7
0.0
0.04
0.0
-0.136
0.0253946
22.03
2464.6
242.5
0.0
0.02
0.0
-0.106
0.0671083
22.02
2466.8
242.4
0.0
0.06
0.0
-0.075
0.107754
21.98
2468.8
242.2
0.0
-0.07
0.0
-0.037
0.146587
22.03
2471.4
242.7
0.0
0.03
0.0
-0.003
0.183219
22.02
2473.6
242.6
0.0
0.1
0.0
0.037
0.216912
22.07
2476.3
243.1
0.0
0.08
0.0
0.056
0.247185
21.94
2477.1
241.7
0.0
-0.01
0.0
0.1
0.273608
22.05
2480.4
242.8
0.0
0.02
0.0
0.127
0.295706
22.02
2482.2
242.4
0.0
0.08
0.0
0.152
0.313053
21.99
2483.9
241.9
0.0
0.04
0.0
0.193
0.325572
22.15
2487.5
243.3
0.0
-0.01
0.0
0.21
0.332932
22.1
2489.1
242.7
0.0
0.01
0.0
0.237
0.335041
22.19
2491.9
243.3
0.0
-0.05
0.0
0.239
0.331841
22.05
2492.6
241.7
0.0
0.08
0.0
0.264
0.323406
22.21
2496.0
243.0
0.0
-0.08
0.0
0.259
0.309835
22.09
2496.8
241.5
0.0
0.09
0.0
0.271
0.291444
22.18
2499.7
242.2
0.0
-0.02
0.0
0.278
0.268461
22.28
2502.6
242.9
0.0
-0.09
0.0
0.272
0.241216
22.28
2504.6
242.6
0.0
-0.01
0.0
0.268
0.210139
22.35
2507.2
243.1
0.0
-0.06
0.0
0.242
0.175751
22.23
2508.0
241.7
0.0
0.08
0.0
0.23
0.138659
22.3
2510.7
242.1
0.0
0.09
0.0
0.212
0.0993436
22.34
2513.1
242.2
0.0
-0.08
0.0
0.196
0.058461
22.43
2516.0
242.9
0.0
-0.07
0.0
0.168
0.0166321
22.42
2518.1
242.7
0.0
0.0
0.0
0.127
-0.0254601
22.32
2519.1
241.5
0.0
0.07
0.0
0.102
-0.0671755
22.39
2521.9
242.1
0.0
0.06
0.0
0.082
-0.107721
22.53
2525.5
243.4
0.0
0.07
0.0
0.046
-0.146655
22.51
2527.5
243.2
0.0
0.08
0.0
-0.005
-0.183286
22.35
2528.0
241.5
0.0
0.06
0.0
-0.035
-0.216978
22.38
2530.7
241.9
0.0
0.03
0.0
-0.061
-0.247248
22.46
2533.7
242.7
0.0
0.08
0.0
-0.095
-0.273668
22.45
2535.9
242.7
0.0
-0.04
0.0
-0.124
-0.295662
22.45
2538.4
242.9
0.0
0.06
0.0
-0.166
-0.313106
22.31
2539.3
241.5
0.0
0.04
0.0
-0.182
-0.325623
22.4
2542.6
242.6
0.0
0.04
0.0
-0.203
-0.33288
22.41
2545.2
242.9
0.0
0.06
0.0
-0.227
-0.334986
22.36
2547.1
242.7
0.0
0.03
0.0
-0.252
-0.331785
22.26
2548.6
241.9
0.0
0.05
0.0
-0.268
-0.323351
22.2
2550.5
241.5
0.0
-0.06
0.0
-0.276
-0.309881
22.19
2552.9
241.7
0.0
0.01
0.0
-0.277
-0.291391
22.2
2555.4
242.0
0.0
0.03
0.0
-0.276
-0.268408
22.18
2557.8
242.2
0.0
0.04
0.0
-0.267
-0.241165
22.21
2560.5
242.7
0.0
0.03
0.0
-0.264
-0.21009
22.14
2562.3
242.3
0.0
0.06
0.0
-0.243
-0.175806
22.2
2565.4
243.2
0.0
0.06
0.0
-0.243
-0.138615
22.01
2566.0
241.5
0.0
0.05
0.0
-0.205
-0.0993018
22.17
2570.0
243.3
0.0
-0.09
0.0
-0.183
-0.0584213
22.15
2572.2
243.3
0.0
0.09
0.0
-0.166
-0.0165949
22.04
2573.5
242.4
0.0
-0.07
0.0
-0.143
0.0253946
21.97
2575.1
241.8
0.0
-0.06
0.0
-0.098
0.0671083
22.09
2578.7
243.2
0.0
-0.07
0.0
-0.067
0.107754
22.06
2580.7
243.0
0.0
0.07
0.0
-0.047
0.146587
21.93
2581.5
241.6
0.0
0.08
0.0
-0.007
0.183219
21.98
2584.4
242.3
0.0
-0.1
0.0
0.031
0.216912
22.02
2586.9
242.6
0.0
0.04
0.0
0.057
0.247185
21.95
2588.3
241.8
0.0
0.06
0.0
0.091
0.273608
21.96
2590.6
241.9
0.0
0.03
0.0
0.124
0.295706
21.99
2593.0
242.1
0.0
-0.01
0.0
0.163
0.313053
22.1
2596.1
243.0
0.0
0.05
0.0
0.191
0.325572
22.13
2598.5
243.2
0.0
0.01
0.0
0.201
0.332932
22.01
2599.3
241.8
0.0
-0.01
0.0
0.22
0.335041
22.01
2601.3
241.5
0.0
0.01
0.0
0.242
0.331841
22.09
2604.0
242.0
0.0
0.01
0.0
0.26
0.323406
22.17
2606.7
242.6
0.0
0.03
0.0
0.275
0.309835
22.24
2609.5
243.1
0.0
0.02
0.0
0.268
0.291444
22.15
2610.5
241.9
0.0
0.05
0.0
0.27
0.268461
22.2
2612.9
242.1
0.0
0.04
0.0
0.268
0.241216
22.24
2615.3
242.3
0.0
-0.07
0.0
0.271
0.210139
22.38
2618.6
243.3
0.0
-0.05
0.0
0.245
0.175751
22.26
2619.4
241.9
0.0
-0.03
0.0
0.229
0.138659
22.29
2621.7
242.0
0.0
-0.06
0.0
0.209
0.0993436
22.3
2623.9
241.9
0.0
0.02
0.0
0.198
0.058461
22.45
2627.3
243.1
0.0
0.05
0.0
0.164
0.0166321
22.39
2628.8
242.4
0.0
-0.03
0.0
0.142
-0.0254601
22.47
2631.7
243.1
0.0
-0.04
0.0
0.101
-0.0671755
22.38
2633.0
242.1
0.0
0.08
0.0
0.067
-0.107721
22.38
2635.1
241.9
0.0
-0.0
0.0
0.036
-0.146655
22.41
2637.6
242.2
0.0
0.01
0.0
0.008
-0.183286
22.47
2640.4
242.8
0.0
-0.05
0.0
-0.03
-0.216978
22.44
2642.3
242.4
0.0
-0.07
0.0
-0.062
-0.247248
22.45
2644.8
242.6
0.0
0.04
0.0
-0.106
-0.273668
22.33
2645.8
241.5
0.0
-0.06
0.0
-0.12
-0.295662
22.49
2649.8
243.2
0.0
-0.07
0.0
-0.163
-0.313106
22.35
2650.8
241.9
0.0
-0.08
0.0
-0.186
-0.325623
22.36
2653.3
242.2
0.0
-0.04
0.0
-0.203
-0.33288
22.41
2656.3
243.0
0.0
-0.04
0.0
-0.235
-0.334986
22.28
2657.5
241.9
0.0
-0.1
0.0
-0.253
-0.331785
22.25
2659.6
241.8
0.0
-0.07
0.0
-0.264
-0.323351
22.24
2662.0
242.0
0.0
0.05
0.0
-0.276
-0.309881
22.18
2663.9
241.6
0.0
-0.07
0.0
-0.276
-0.291391
22.21
2666.6
242.1
0.0
0.03
0.0
-0.272
-0.268408
22.23
2669.4
242.6
0.0
0.06
0.0
-0.262
-0.241165
22.27
2672.2
243.3
0.0
0.0
0.0
-0.268
-0.21009
22.09
2673.0
241.8
0.0
-0.08
0.0
-0.243
-0.175806
22.2
2676.5
243.1
0.0
0.04
0.0
-0.229
-0.138615
22.15
2678.5
242.9
0.0
0.07
0.0
-0.207
-0.0993018
22.16
2681.0
243.2
0.0
-0.01
0.0
-0.198
-0.0584213
21.99
2681.7
241.7
0.0
0.08
0.0
-0.157
-0.0165949
22.12
2685.4
243.2
0.0
0.01
0.0
-0.129
0.0253946
22.11
2687.6
243.2
0.0
-0.04
0.0
-0.111
0.0671083
21.96
2688.5
241.8
0.0
-0.06
0.0
-0.068
0.107754
22.06
2691.8
242.9
0.0
0.01
0.0
-0.043
0.146587
21.97
2693.1
242.0
0.0
-0.05
0.0
-0.002
0.183219
22.03
2695.9
242.7
