1.0
-0.007
0.0
22.15
45.7
241.7
4.93
-0.07
1.0
0.013
0.0351015
22.31
49.6
243.4
5.07
0.07
1.0
-0.001
-0.0293087
22.18
50.5
242.1
5.09
0.09
1.0
-0.006
0.00578114
22.16
52.5
241.8
4.94
-0.06
1.0
0.016
0.0508738
22.32
56.3
243.4
4.96
-0.04
1.0
0.018
0.046496
22.27
58.0
242.9
5.01
0.01
1.0
0.012
0.0498396
22.15
59.0
241.7
4.94
-0.07
1.0
0.019
0.0288807
22.19
61.6
242.0
5.1
0.09
1.0
0.009
-0.051299
22.15
63.4
241.7
5.1
0.09
1.0
0.018
0.0124072
22.3
67.2
243.2
5.09
0.09
1.0
0.015
-0.00309082
22.29
69.3
243.0
5.04
0.04
1.0
-0.0
-0.0174824
22.17
70.3
241.9
5.09
0.09
1.0
0.003
0.0164131
22.21
72.9
242.2
4.92
-0.09
1.0
0.007
0.0211599
22.23
75.3
242.4
5.05
0.05
1.0
0.0
-0.0103238
22.17
76.9
241.8
4.95
-0.05
1.0
0.008
-0.0246086
22.29
80.4
243.0
4.89
-0.11
1.0
0.005
-0.0206614
22.31
82.7
243.2
4.91
-0.09
1.0
0.003
-0.0395997
22.33
85.2
243.4
5.02
0.02
1.0
-0.014
0.0299415
22.16
85.7
241.7
5.06
0.07
1.0
-0.001
0.0210291
22.23
88.7
242.4
4.99
-0.01
1.0
-0.005
0.0109205
22.16
90.1
241.7
5.05
0.05
1.0
-0.009
-0.0343648
22.14
92.2
241.6
4.96
-0.04
1.0
-0.01
-0.05033
22.21
95.2
242.3
4.93
-0.07
1.0
-0.012
-0.00978382
22.23
97.5
242.4
5.02
0.03
1.0
0.0
0.0257548
22.31
100.6
243.3
4.96
-0.03
1.0
0.002
0.0259399
22.27
102.4
242.9
5.03
0.04
1.0
-0.0
-0.05433
22.27
104.7
242.9
4.98
-0.01
1.0
-0.008
0.0111836
22.22
106.4
242.4
4.97
-0.02
1.0
-0.001
0.0264373
22.24
108.8
242.6
4.92
-0.07
1.0
0.01
0.0364519
22.29
111.5
243.1
4.94
-0.04
1.0
0.008
-0.0500864
22.29
113.8
243.1
5.04
0.05
1.0
0.008
0.0302424
22.32
116.2
243.3
4.94
-0.04
1.0
-0.001
-0.013981
22.21
117.4
242.3
5.05
0.07
1.0
-0.007
0.00606552
22.16
119.1
241.8
4.91
-0.08
1.0
-0.003
0.0210597
22.17
121.5
241.9
5.08
0.09
1.0
0.016
0.0258832
22.33
125.2
243.4
5.04
0.06
1.0
0.002
-0.0195944
22.19
126.1
242.0
4.9
-0.08
1.0
-0.008
-0.0508672
22.17
128.1
241.9
5.03
0.05
1.0
0.004
0.0356074
22.3
131.6
243.1
4.97
-0.01
1.0
0.01
0.0405683
22.28
133.7
243.0
5.01
0.03
1.0
0.003
0.0452428
22.14
134.5
241.6
4.9
-0.08
1.0
0.018
0.028644
22.25
137.8
242.6
4.91
-0.07
1.0
0.023
0.0320653
22.27
140.2
242.8
4.88
-0.1
1.0
0.02
0.0394516
22.21
141.8
242.2
4.88
-0.1
1.0
0.02
0.0447428
22.18
143.7
241.9
4.95
-0.02
1.0
0.029
0.0619562
22.22
146.3
242.3
4.96
-0.01
1.0
0.038
0.0638977
22.26
148.9
242.6
4.97
-0.0
1.0
0.053
0.0846801
22.34
151.8
243.4
5.03
0.07
1.0
0.049
0.0840895
22.23
152.9
242.2
5.06
0.1
1.0
0.065
0.126354
22.3
155.8
242.9
5.03
0.08
1.0
0.082
0.141034
22.35
158.4
243.3
5.02
0.07
1.0
0.095
0.161169
22.35
160.5
243.2
4.88
-0.06
1.0
0.096
0.187729
22.21
161.3
241.7
5.03
0.09
1.0
0.115
0.179492
22.26
164.0
242.1
5.02
0.08
1.0
0.134
0.186762
22.35
166.9
242.9
4.98
0.04
1.0
0.148
0.225637
22.36
169.2
242.9
5.05
0.11
1.0
0.157
0.208643
22.34
171.0
242.5
5.02
0.07
1.0
0.162
0.162077
22.35
173.2
242.5
5.08
0.13
1.0
0.16
0.133494
22.38
175.5
242.5
5.08
0.11
1.0
0.159
0.111043
22.45
178.4
243.2
4.92
-0.06
1.0
0.144
0.101895
22.4
179.9
242.4
5.09
0.1
1.0
0.128
0.110056
22.32
181.2
241.5
5.09
0.09
1.0
0.127
0.0772658
22.4
184.1
242.2
5.11
0.1
1.0
0.111
0.0137268
22.41
186.3
242.1
5.01
-0.02
1.0
0.086
3.7516e-05
22.36
188.0
241.5
5.01
-0.03
1.0
0.077
-0.0580856
22.51
191.6
242.9
5.04
-0.01
1.0
0.05
-0.145337
22.56
194.3
243.4
4.95
-0.11
1.0
-0.001
-0.18403
22.42
195.2
242.0
5.07
-0.01
1.0
-0.035
-0.145058
22.38
197.0
241.6
4.95
-0.13
1.0
-0.062
-0.193395
22.36
199.1
241.5
5.06
-0.02
1.0
-0.08
-0.218584
22.46
202.4
242.5
5.09
-0.0
1.0
-0.116
-0.268741
22.38
204.0
241.8
4.95
-0.14
1.0
-0.146
-0.320671
22.41
206.6
242.2
4.93
-0.16
1.0
-0.18
-0.275894
22.32
208.2
241.5
4.86
-0.23
1.0
-0.196
-0.34155
22.4
211.3
242.5
4.89
-0.19
1.0
-0.208
-0.292724
22.47
214.5
243.4
5.01
-0.06
1.0
-0.236
-0.299396
22.31
215.4
242.1
4.99
-0.08
1.0
-0.256
-0.375672
22.28
217.5
241.9
4.99
-0.06
1.0
-0.261
-0.321557
22.38
221.1
243.2
4.94
-0.09
1.0
-0.288
-0.329121
22.18
221.6
241.5
4.97
-0.05
1.0
-0.281
-0.3322
22.32
225.5
243.2
4.77
-0.23
1.0
-0.298
-0.309757
22.17
226.5
242.0
4.9
-0.08
1.0
-0.297
-0.255021
22.13
228.6
241.9
4.85
-0.11
1.0
-0.273
-0.227546
22.25
232.3
243.4
4.86
-0.07
1.0
-0.263
-0.178356
22.18
234.1
243.0
4.85
-0.06
1.0
-0.25
-0.165854
22.11
235.9
242.6
4.83
-0.05
1.0
-0.239
-0.169011
22.04
237.7
242.1
4.77
-0.09
1.0
-0.208
-0.0913892
22.14
241.0
243.3
4.8
-0.04
1.0
-0.191
-0.00863093
21.99
242.0
242.0
4.72
-0.09
1.0
-0.157
-0.0375037
22.02
244.6
242.4
4.78
-0.01
1.0
-0.125
0.0280011
22.05
247.3
242.9
4.76
-0.02
1.0
-0.095
0.0612475
22.02
249.3
242.7
4.75
-0.01
1.0
-0.064
0.155446
21.95
250.9
242.1
4.8
0.06
1.0
-0.025
0.147743
21.95
253.1
242.1
4.76
0.03
1.0
0.019
0.22893
22.02
256.0
242.8
4.89
0.17
1.0
0.052
0.217236
21.98
257.8
242.4
4.73
0.03
1.0
0.093
0.235313
22.08
260.9
243.3
4.79
0.09
1.0
0.121
0.279279
22.05
262.7
243.0
4.8
0.1
1.0
0.141
0.261757
22.0
264.2
242.2
4.88
0.18
1.0
0.171
0.354587
22.0
266.4
242.2
4.83
0.12
1.0
0.209
0.371772
22.06
268.9
242.5
4.95
0.24
1.0
0.224
0.298358
22.01
270.4
241.8
4.87
0.15
1.0
0.26
0.379757
22.2
274.2
243.4
4.97
0.24
1.0
0.257
0.301661
22.03
274.5
241.5
4.94
0.19
1.0
0.279
0.308415
22.21
278.2
243.0
4.85
0.09
1.0
0.28
0.301798
22.19
280.0
242.5
4.94
0.15
1.0
0.285
0.234731
22.29
282.9
243.3
4.93
0.12
1.0
0.276
0.230079
22.31
285.1
243.2
4.98
0.15
1.0
0.255
0.227666
22.19
285.9
241.7
5.03
0.18
1.0
0.256
0.174324
22.35
289.4
243.0
5.1
0.22
1.0
0.228
0.1636
22.23
290.2
241.6
5.06
0.16
1.0
0.224
0.145331
22.36
293.5
242.7
5.11
0.18
1.0
0.208
0.0985337
22.4
295.9
242.9
5.04
0.09
1.0
0.182
0.0354095
22.41
298.1
242.8
5.06
0.08
1.0
0.145
0.0295102
22.32
299.3
241.8
5.05
0.05
1.0
0.12
-0.0707552
22.39
302.1
242.3
5.05
0.02
1.0
0.088
-0.118443
22.47
305.0
243.0
5.07
0.02
1.0
0.05
-0.14754
22.49
307.3
243.1
5.05
-0.02
1.0
0.01
-0.16814
22.45
309.2
242.8
5.13
0.05
1.0
-0.021
-0.190391
22.48
311.7
243.0
5.07
-0.02
1.0
-0.052
-0.25348
22.51
314.4
243.4
5.05
-0.05
1.0
-0.093
-0.27595
22.46
316.2
243.0
5.14
0.03
1.0
-0.137
-0.29299
22.34
317.4
241.9
4.94
-0.17
1.0
-0.168
-0.329794
22.35
319.8
242.1
5.12
0.01
1.0
-0.185
-0.327174
22.46
323.3
243.4
4.99
-0.13
1.0
-0.217
-0.343499
22.36
324.8
242.7
5.04
-0.07
1.0
-0.248
-0.345777
22.26
326.2
241.8
4.97
-0.14
1.0
-0.261
-0.326088
22.28
328.9
242.3
5.06
-0.04
1.0
-0.277
-0.346914
22.23
330.9
242.0
4.88
-0.2
1.0
-0.288
-0.288883
22.17
332.8
241.8
4.99
-0.08
1.0
-0.272
-0.260761
22.29
336.5
243.2
5.0
-0.05
1.0
-0.282
-0.219678
22.09
337.0
241.5
4.87
-0.17
1.0
-0.259
-0.235078
22.21
340.7
243.0
5.03
0.0
1.0
-0.266
-0.232594
22.06
341.7
241.7
4.84
-0.16
1.0
-0.244
-0.204194
22.17
345.3
243.1
4.87
-0.12
1.0
-0.24
-0.177058
22.08
346.8
242.5
4.97
0.0
1.0
-0.237
-0.160393
21.96
348.0
241.5
4.82
-0.13
1.0
-0.217
-0.0920179
21.96
350.4
241.6
4.93
-0.0
1.0
-0.186
-0.0435223
21.99
353.1
242.2
4.8
-0.11
1.0
-0.16
0.0330139
21.91
354.8
241.6
4.93
0.04
1.0
-0.117
0.0540393
21.97
357.7
242.3
4.91
0.03
1.0
-0.085
0.111862
21.93
359.5
242.0
4.89
0.03
1.0
-0.049
0.121079
21.92
361.8
242.0
4.85
-0.0
1.0
-0.007
0.212249
21.96
364.4
242.4
4.84
0.0
1.0
0.033
0.214493
21.97
366.6
242.4
4.9
0.07
1.0
0.063
0.236347
21.92
368.3
241.9
4.99
0.16
1.0
0.1
0.248848
21.98
371.0
242.5
4.85
0.03
1.0
0.127
0.29727
21.96
372.8
242.1
4.91
0.08
1.0
0.161
0.355399
21.96
374.9
241.9
4.97
0.14
1.0
0.196
0.35081
21.99
377.3
242.1
5.05
0.22
1.0
0.233
0.317928
22.14
380.7
243.4
5.1
0.25
1.0
0.251
0.344396
22.15
382.8
243.2
5.08
0.23
1.0
0.268
0.381051
22.13
384.6
242.8
4.99
0.12
1.0
0.271
0.311417
22.04
385.6
241.6
4.96
0.07
1.0
0.288
0.297589
22.2
389.1
242.9
5.02
0.11
1.0
0.283
0.275563
22.17
390.7
242.3
5.09
0.16
1.0
0.281
0.333735
22.14
392.4
241.7
5.17
0.23
1.0
0.291
0.279185
22.23
395.3
242.4
5.08
0.11
1.0
0.279
0.230626
22.22
397.0
241.9
5.03
0.03
1.0
0.281
0.205466
22.38
400.6
243.3
5.07
0.05
1.0
0.257
0.123583
22.37
402.4
242.9
5.22
0.18
1.0
0.225
0.140894
22.29
403.6
241.8
5.1
0.03
1.0
0.205
0.0816225
22.32
406.0
242.0
5.12
0.02
1.0
0.195
0.0854886
22.47
409.5
243.3
5.17
0.05
1.0
0.156
0.0178591
22.34
410.3
241.8
5.12
-0.02
1.0
0.138
-0.0326592
22.49
413.8
243.1
5.17
0.01
1.0
0.103
-0.0909731
22.5
416.1
243.1
5.27
0.08
1.0
0.052
-0.135823
22.37
417.0
241.8
5.21
0.0
1.0
0.016
-0.153119
22.38
419.3
241.8
5.22
0.01
1.0
-0.016
-0.153973
22.38
421.6
241.9
5.15
-0.07
1.0
-0.033
-0.208897
22.52
425.2
243.2
5.17
-0.07
1.0
-0.067
-0.261473
22.52
427.5
243.3
5.06
-0.18
1.0
-0.105
-0.310611
22.52
429.8
243.4
5.11
-0.14
1.0
-0.145
-0.288989
22.43
431.3
242.6
5.11
-0.14
1.0
-0.177
-0.351437
22.41
433.5
242.6
5.2
-0.05
1.0
-0.21
-0.318232
22.34
435.2
242.1
5.17
-0.08
1.0
-0.227
-0.366337
22.4
438.3
242.9
5.04
-0.19
1.0
-0.248
-0.35315
22.39
440.7
243.1
5.0
-0.22
1.0
-0.276
-0.354141
22.27
441.9
242.1
5.06
-0.15
1.0
-0.276
-0.275184
22.31
444.9
242.8
5.02
-0.17
1.0
-0.287
-0.272374
22.16
445.9
241.6
5.07
-0.1
1.0
-0.29
-0.316686
22.14
448.2
241.6
4.97
-0.18
1.0
-0.287
-0.301481
22.18
451.1
242.4
5.03
-0.1
1.0
-0.28
-0.212855
22.17
453.5
242.5
5.05
-0.05
1.0
-0.27
-0.192855
22.1
455.3
242.1
4.94
-0.14
1.0
-0.258
-0.181381
22.06
457.3
241.9
4.95
-0.11
1.0
-0.235
-0.153334
22.1
460.3
242.6
4.93
-0.11
1.0
-0.205
-0.0596745
22.14
463.0
243.2
5.02
0.01
1.0
-0.187
-0.0172781
21.99
464.0
241.9
4.99
-0.01
1.0
-0.16
-0.00016447
21.93
465.7
241.5
4.92
-0.05
1.0
-0.114
0.0689473
22.04
469.2
242.8
4.94
-0.01
1.0
-0.087
0.0413972
22.0
471.0
242.4
4.91
-0.02
1.0
-0.05
0.172329
22.0
473.4
242.5
5.03
0.12
1.0
-0.002
0.202258
22.05
476.0
243.0
4.95
0.05
1.0
0.035
0.165393
22.08
478.5
243.3
5.01
0.12
1.0
0.063
0.216628
22.07
480.6
243.1
4.89
0.0
1.0
0.084
0.240571
21.97
481.7
242.1
4.96
0.08
1.0
0.122
0.298379
22.03
484.5
242.6
5.06
0.18
1.0
0.154
0.256509
22.09
487.0
243.0
4.97
0.09
1.0
0.173
0.31503
22.04
488.7
242.4
5.09
0.22
1.0
0.198
0.322262
22.05
490.7
242.2
5.03
0.15
1.0
0.235
0.364587
22.18
494.1
243.4
4.97
0.07
1.0
0.253
0.360634
22.14
495.6
242.7
4.99
0.09
1.0
0.266
0.28756
22.16
497.8
242.7
5.16
0.24
1.0
0.267
0.324501
22.12
499.3
242.0
5.18
0.25
1.0
0.28
0.287768
22.22
502.2
242.7
5.05
0.09
1.0
0.284
0.336089
22.22
504.2
242.5
5.02
0.04
1.0
0.283
0.28166
22.2
505.9
241.9
5.1
0.11
1.0
0.286
0.218135
22.33
509.1
242.9
5.2
0.18
1.0
0.273
0.21819
22.34
511.2
242.8
5.15
0.1
1.0
0.25
0.121295
22.32
513.0
242.4
5.17
0.1
1.0
0.222
0.148667
22.27
514.5
241.6
5.07
-0.02
1.0
0.207
0.0452515
22.38
517.6
242.5
5.26
0.14
1.0
0.175
0.0232431
22.39
519.8
242.4
5.12
-0.02
1.0
0.135
-0.0287295
22.33
521.2
241.6
5.26
0.11
1.0
0.117
-0.0733861
22.52
525.2
243.4
5.18
-0.0
1.0
0.073
-0.0504723
22.39
526.1
242.0
5.12
-0.08
1.0
0.049
-0.0897438
22.42
528.6
242.3
5.13
-0.08
1.0
0.01
-0.156029
22.35
530.1
241.6
5.24
0.02
1.0
-0.015
-0.177842
22.44
533.2
242.4
5.17
-0.06
1.0
-0.035
-0.181341
22.53
536.4
243.3
5.09
-0.16
1.0
-0.075
-0.205826
22.39
537.4
242.1
5.19
-0.06
1.0
-0.105
-0.244274
22.37
539.4
241.9
5.18
-0.08
1.0
-0.13
-0.302634
22.41
542.3
242.5
5.16
-0.1
1.0
-0.161
-0.341596
22.44
544.9
242.9
5.17
-0.09
1.0
-0.188
-0.274843
22.41
547.0
242.8
5.09
-0.17
1.0
-0.214
-0.352762
22.35
548.9
242.4
5.14
-0.11
1.0
-0.242
-0.379403
22.33
551.1
242.3
5.13
-0.11
1.0
-0.26
-0.280539
22.27
553.0
242.1
5.0
-0.22
1.0
-0.272
-0.343863
22.24
555.1
241.9
4.98
-0.23
1.0
-0.274
-0.271127
22.26
557.9
242.4
5.03
-0.16
1.0
-0.281
-0.290585
22.17
559.5
241.9
4.93
-0.24
1.0
-0.27
-0.255688
22.25
562.8
242.9
5.07
-0.08
1.0
-0.27
-0.252944
22.18
564.6
242.5
4.93
-0.2
1.0
-0.264
-0.173048
22.12
566.4
242.1
5.05
-0.05
1.0
-0.233
-0.131847
22.2
569.7
243.2
4.94
-0.14
1.0
-0.217
-0.174656
22.18
572.0
243.2
4.99
-0.06
1.0
-0.215
-0.0774256
22.0
572.6
241.6
4.94
-0.09
1.0
-0.168
-0.00415934
22.14
576.4
243.3
5.01
0.0
1.0
-0.133
0.0427524
22.12
578.6
243.3
4.87
-0.12
1.0
-0.096
0.0812277
22.12
580.9
243.3
5.04
0.08
1.0
-0.071
0.0280367
22.08
582.8
243.0
4.88
-0.07
1.0
-0.052
0.0672928
22.03
584.6
242.6
4.99
0.07
1.0
-0.026
0.168821
21.98
586.3
242.1
4.9
-0.02
1.0
0.003
0.151566
21.94
588.1
241.7
4.89
-0.0
1.0
0.048
0.269573
22.02
591.1
242.5
4.87
-0.01
1.0
0.091
0.264548
22.06
593.6
242.9
4.93
0.05
1.0
0.11
0.231985
21.97
594.8
241.9
4.92
0.05
1.0
0.132
0.289728
21.95
596.6
241.5
5.07
0.2
1.0
0.163
0.268088
22.03
599.5
242.1
4.93
0.06
1.0
0.198
0.305763
22.18
603.0
243.4
5.02
0.15
1.0
0.216
0.303375
22.17
605.0
243.2
4.96
0.08
1.0
0.232
0.316243
22.17
607.0
242.9
4.97
0.08
1.0
0.242
0.358435
22.09
608.1
241.9
5.02
0.12
1.0
0.272
0.361606
22.21
611.3
242.9
5.04
0.12
1.0
0.289
0.348902
22.25
613.6
243.0
5.0
0.07
1.0
0.283
0.251345
22.2
615.0
242.2
5.04
0.09
1.0
0.284
0.227173
22.32
618.2
243.1
5.12
0.15
1.0
0.278
0.274506
22.34
620.3
243.0
5.04
0.04
1.0
0.268
0.234525
22.3
621.9
242.4
5.17
0.16
1.0
0.262
0.146569
22.4
624.9
243.1
5.21
0.16
1.0
0.226
0.129585
22.29
625.7
241.7
5.23
0.16
1.0
0.208
0.0561713
22.38
628.7
242.4
5.05
-0.04
1.0
0.184
0.0340201
22.45
631.5
243.0
5.16
0.05
1.0
0.154
-0.0131392
22.47
633.7
243.0
5.2
0.07
1.0
0.128
0.00710971
22.5
636.1
243.1
5.12
-0.03
1.0
0.093
-0.0459894
22.42
637.4
242.2
5.08
-0.09
1.0
0.068
-0.16622
22.55
640.9
243.4
5.11
-0.08
1.0
0.03
-0.123295
22.53
642.9
243.2
5.21
0.02
1.0
-0.024
-0.235645
22.36
643.5
241.5
5.08
-0.13
1.0
-0.047
-0.213928
22.5
647.1
242.9
5.13
-0.09
1.0
-0.081
-0.242053
22.48
649.2
242.8
5.02
-0.2
1.0
-0.116
-0.234823
22.39
650.7
242.0
5.01
-0.21
1.0
-0.144
-0.258703
22.35
652.6
241.7
5.05
-0.17
1.0
-0.158
-0.336745
22.48
656.4
243.2
5.0
-0.22
1.0
-0.192
-0.355278
22.45
658.5
243.1
5.05
-0.17
1.0
-0.215
-0.327385
22.46
661.0
243.3
5.02
-0.18
1.0
-0.24
-0.333694
22.38
662.7
242.8
5.08
-0.12
1.0
-0.253
-0.365306
22.41
665.5
243.4
4.93
-0.25
1.0
-0.282
-0.307808
22.23
666.2
241.8
5.01
-0.16
1.0
-0.285
-0.350229
22.26
669.0
242.4
4.97
-0.17
1.0
-0.289
-0.257682
22.23
671.2
242.4
5.01
-0.11
1.0
-0.277
-0.223445
22.23
673.8
242.7
4.91
-0.19
1.0
-0.276
-0.19157
22.08
674.7
241.5
4.93
-0.15
1.0
-0.25
-0.182259
22.17
678.1
242.6
4.89
-0.17
1.0
-0.232
-0.205507
22.23
681.1
243.4
5.01
-0.02
1.0
-0.234
-0.157783
22.07
682.0
242.1
4.91
-0.1
1.0
-0.2
-0.0704441
22.17
685.5
243.4
4.93
-0.05
1.0
-0.177
-0.0773514
22.15
687.6
243.3
4.89
-0.06
1.0
-0.157
0.030278
22.03
688.8
242.3
4.9
-0.04
1.0
-0.121
0.0302185
22.04
691.3
242.6
4.84
-0.07
1.0
-0.094
0.107206
21.95
692.7
241.7
4.85
-0.04
1.0
-0.041
0.127582
22.11
696.6
243.4
4.89
0.02
1.0
-0.016
0.163614
22.0
697.7
242.3
4.91
0.05
1.0
0.007
0.140085
21.93
699.1
241.6
4.86
0.01
1.0
0.051
0.22389
22.07
702.7
243.0
4.99
0.16
1.0
0.076
0.272208
21.96
703.8
241.8
4.85
0.03
1.0
0.113
0.249822
22.02
706.5
242.4
4.97
0.15
1.0
0.146
0.289541
22.08
709.1
242.8
4.89
0.07
1.0
0.161
0.276908
22.0
710.4
241.8
4.9
0.08
1.0
0.184
0.279418
22.04
712.8
242.1
5.04
0.22
1.0
0.196
0.293217
22.0
714.5
241.5
4.97
0.14
1.0
0.222
0.360412
22.07
717.1
241.9
5.05
0.22
1.0
0.238
0.287128
22.07
719.1
241.8
5.08
0.23
1.0
0.244
0.29465
22.07
721.1
241.5
5.04
0.18
1.0
0.266
0.292755
22.25
724.8
243.0
4.98
0.1
1.0
0.255
0.277505
22.12
725.5
241.5
4.95
0.05
1.0
0.272
0.237998
22.34
729.6
243.4
5.0
0.08
1.0
0.247
0.196611
22.19
730.1
241.6
5.1
0.17
1.0
0.237
0.177656
22.24
732.6
241.9
5.01
0.05
1.0
0.238
0.192237
22.38
736.0
243.1
5.07
0.09
1.0
0.22
0.138856
22.34
737.6
242.4
5.18
0.18
1.0
0.203
0.0970888
22.38
740.0
242.6
5.03
0.0
1.0
0.183
0.0189401
22.46
742.9
243.3
5.14
0.09
1.0
0.137
-0.0419964
22.35
743.9
242.0
5.11
0.03
1.0
0.114
-0.00628193
22.43
746.8
242.6
5.11
0.01
1.0
0.077
-0.0689439
22.34
748.0
241.6
5.07
-0.05
1.0
0.055
-0.068265
22.41
750.9
242.2
5.12
-0.01
1.0
0.024
-0.196011
22.45
753.5
242.6
5.2
0.05
1.0
-0.024
-0.1967
22.36
754.8
241.7
5.03
-0.13
1.0
-0.059
-0.210037
22.34
756.9
241.6
5.15
-0.02
1.0
-0.08
-0.213078
22.41
759.9
242.4
5.12
-0.06
1.0
-0.118
-0.272228
22.33
761.4
241.6
5.03
-0.16
1.0
-0.14
-0.321066
22.43
764.8
242.7
5.06
-0.13
1.0
-0.161
-0.263167
22.47
767.7
243.3
5.02
-0.16
1.0
-0.191
-0.296751
22.35
768.8
242.3
5.13
-0.06
1.0
-0.206
-0.308376
22.38
771.6
242.8
5.12
-0.05
1.0
-0.222
-0.356305
22.42
774.5
243.4
5.05
-0.12
1.0
-0.247
-0.329002
22.35
776.2
242.9
4.95
-0.21
1.0
-0.269
-0.331087
22.25
777.7
242.2
5.0
-0.14
1.0
-0.265
-0.248342
22.29
780.6
242.9
5.05
-0.07
1.0
-0.268
-0.246894
22.2
782.2
242.2
4.94
-0.16
1.0
-0.267
-0.223484
22.13
783.9
241.8
5.02
-0.07
1.0
-0.253
-0.182235
22.14
786.5
242.2
4.91
-0.16
1.0
-0.242
-0.208625
22.12
788.8
242.2
4.87
-0.18
1.0
-0.221
-0.141927
22.19
791.9
243.1
4.92
-0.1
1.0
-0.216
-0.0808553
22.01
792.6
241.6
4.85
-0.15
1.0
-0.19
-0.0728204
22.01
795.0
241.8
4.98
0.0
1.0
-0.169
-0.0616159
22.0
797.2
241.8
4.84
-0.12
1.0
-0.15
-0.0461393
21.98
799.4
241.8
4.92
-0.02
1.0
-0.121
0.023795
22.01
802.1
242.2
4.97
0.05
1.0
-0.094
0.026483
22.01
804.4
242.4
4.87
-0.03
1.0
-0.059
0.0724007
22.1
807.5
243.3
4.98
0.1
1.0
-0.03
0.149345
22.06
809.4
242.9
4.83
-0.03
1.0
0.009
0.211842
22.06
811.6
242.9
4.99
0.15
1.0
0.038
0.235637
21.95
812.7
241.9
4.92
0.08
1.0
0.067
0.203754
21.93
814.6
241.6
4.93
0.11
1.0
0.111
0.268122
22.09
818.3
243.1
4.85
0.03
1.0
0.142
0.277049
22.12
820.7
243.2
4.95
0.13
1.0
0.157
0.304871
21.99
821.5
241.9
4.96
0.14
1.0
0.177
0.277395
21.98
823.4
241.6
4.92
0.1
1.0
0.201
0.35044
22.01
825.7
241.6
4.9
0.07
1.0
0.229
0.313038
22.09
828.5
242.2
5.03
0.2
1.0
0.243
0.355135
22.07
830.3
241.8
4.95
0.1
1.0
0.253
0.277009
22.07
832.3
241.6
5.08
0.21
1.0
0.269
0.280911
22.23
835.8
242.9
4.97
0.09
1.0
0.276
0.284598
22.3
838.4
243.3
5.01
0.11
1.0
0.259
0.250995
22.16
838.9
241.6
5.14
0.21
1.0
0.269
0.218425
22.34
842.7
243.1
5.11
0.16
1.0
0.244
0.189128
22.22
843.6
241.7
5.13
0.17
1.0
0.244
0.158235
22.39
847.2
243.2
5.01
0.02
1.0
0.226
0.181032
22.35
848.8
242.5
5.03
0.02
1.0
0.204
0.0817501
22.33
850.6
242.1
5.03
-0.01
1.0
0.185
0.00444232
22.45
853.9
243.2
5.02
-0.04
1.0
0.141
-0.0214341
22.37
855.1
242.1
5.12
0.03
1.0
0.109
-0.0410478
22.38
857.3
242.1
5.16
0.05
1.0
0.072
-0.0986058
22.35
859.2
241.7
5.14
0.01
1.0
0.051
-0.152796
22.52
863.1
243.4
5.13
-0.01
1.0
0.007
-0.173391
22.45
864.6
242.6
5.1
-0.06
1.0
-0.033
-0.199602
22.39
866.3
242.1
5.08
-0.1
1.0
-0.061
-0.187384
22.4
868.6
242.2
5.07
-0.11
1.0
-0.1
-0.27542
22.32
870.2
241.5
5.05
-0.14
1.0
-0.116
-0.278782
22.49
874.2
243.3
5.12
-0.07
1.0
-0.144
-0.24178
22.43
876.0
242.9
5.14
-0.05
1.0
-0.167
-0.290243
22.4
878.1
242.7
5.16
-0.03
1.0
-0.182
-0.272539
22.43
880.9
243.2
5.11
-0.08
1.0
-0.209
-0.370471
22.38
882.8
242.9
5.01
-0.18
1.0
-0.245
-0.312712
22.23
883.7
241.6
5.04
-0.14
1.0
-0.254
-0.3044
22.25
886.4
242.0
4.94
-0.23
1.0
-0.251
-0.311635
22.35
889.9
243.3
5.07
-0.08
1.0
-0.267
-0.289314
22.24
891.2
242.5
5.04
-0.1
1.0
-0.269
-0.313883
22.25
893.9
242.9
4.91
-0.21
1.0
-0.263
-0.208686
22.26
896.5
243.3
4.98
-0.12
1.0
-0.263
-0.211172
22.13
897.6
242.1
5.07
-0.01
1.0
-0.245
-0.176877
22.16
900.4
242.8
4.97
-0.09
1.0
-0.233
-0.181172
22.14
902.6
242.7
5.03
-0.01
1.0
-0.215
-0.128661
22.15
905.1
243.1
5.0
-0.02
1.0
-0.197
-0.100861
22.11
907.2
242.9
4.88
-0.12
1.0
-0.181
-0.0236474
21.99
908.4
241.9
5.01
0.04
1.0
-0.14
0.0424162
22.05
911.4
242.7
4.9
-0.05
1.0
-0.105
0.0278805
22.07
913.9
243.0
5.0
0.06
1.0
-0.073
0.0804626
22.08
916.3
243.2
4.89
-0.02
1.0
-0.053
0.109752
21.96
917.3
242.0
4.9
-0.01
1.0
-0.028
0.134799
21.9
919.0
241.5
4.97
0.08
1.0
0.008
0.182754
21.94
921.6
241.9
4.96
0.08
1.0
0.053
0.255461
22.02
924.6
242.7
4.86
-0.01
1.0
0.091
0.284473
22.01
926.6
242.4
5.01
0.15
1.0
0.131
0.267813
22.09
929.4
243.1
4.96
0.11
1.0
0.145
0.265008
21.98
930.5
241.9
4.97
0.12
1.0
0.168
0.31844
21.97
932.4
241.7
4.98
0.12
1.0
0.211
0.375727
22.11
935.8
242.9
4.98
0.12
1.0
0.234
0.303295
22.13
937.9
242.8
5.07
0.2
1.0
0.249
0.32844
22.15
940.1
242.8
5.13
0.24
1.0
0.271
0.370965
22.21
942.7
243.1
5.1
0.2
1.0
0.285
0.288239
22.26
945.1
243.4
5.09
0.17
1.0
0.287
0.340681
22.24
946.9
242.9
4.99
0.06
1.0
0.291
0.329441
22.21
948.5
242.3
5.12
0.16
1.0
0.287
0.292721
22.17
950.1
241.6
5.11
0.13
1.0
0.283
0.24492
22.2
952.3
241.6
5.07
0.07
1.0
0.274
0.214419
22.25
954.8
241.9
5.09
0.07
1.0
0.257
0.187349
22.25
956.7
241.6
5.16
0.11
1.0
0.238
0.113662
22.31
959.2
241.9
5.24
0.17
1.0
0.214
0.0399041
22.39
962.1
242.5
5.15
0.05
1.0
0.181
0.0917823
22.34
963.6
241.8
5.2
0.08
1.0
0.161
0.0400939
22.39
966.1
242.1
5.1
-0.04
1.0
0.143
-0.0357626
22.51
969.5
243.1
5.12
-0.04
1.0
0.089
-0.0942965
22.35
970.0
241.5
5.2
0.02
1.0
0.051
-0.174419
22.4
972.7
241.8
5.19
-0.01
1.0
0.01
-0.170529
22.4
974.9
241.8
5.18
-0.03
1.0
-0.012
-0.163176
22.52
978.3
243.0
5.05
-0.16
1.0
-0.058
-0.27099
22.42
979.6
242.0
5.12
-0.1
1.0
-0.091
-0.279861
22.47
982.5
242.7
5.16
-0.07
1.0
-0.129
-0.242092
22.38
983.9
241.9
5.02
-0.21
1.0
-0.161
-0.32571
22.34
985.9
241.6
5.01
-0.22
1.0
-0.194
-0.337745
22.32
988.1
241.6
5.09
-0.14
1.0
-0.21
-0.31945
22.4
991.3
242.5
5.02
-0.2
1.0
-0.233
-0.351388
22.37
993.5
242.5
5.05
-0.16
1.0
-0.241
-0.283064
22.41
996.4
243.2
4.96
-0.23
1.0
-0.262
-0.28958
22.24
997.2
241.7
4.94
-0.24
1.0
-0.256
-0.307816
22.36
1000.8
243.1
4.93
-0.24
1.0
-0.263
-0.255419
22.29
1002.7
242.7
5.08
-0.06
1.0
-0.259
-0.260191
22.29
1005.1
243.0
5.02
-0.1
1.0
-0.262
-0.245867
22.22
1006.9
242.5
4.91
-0.19
1.0
-0.251
-0.213546
22.24
1009.6
243.0
4.99
-0.09
1.0
-0.246
-0.205573
22.18
1011.4
242.6
4.91
-0.14
1.0
-0.241
-0.12362
22.05
1012.6
241.6
4.91
-0.12
1.0
-0.221
-0.181841
22.09
1015.4
242.2
4.82
-0.19
1.0
-0.202
-0.139019
22.15
1018.5
243.0
4.92
-0.06
1.0
-0.189
-0.0565473
22.06
1020.0
242.3
4.89
-0.07
1.0
-0.162
-0.0341739
22.06
1022.3
242.5
4.96
0.03
1.0
-0.142
0.0163289
21.96
1023.8
241.7
4.97
0.06
1.0
-0.111
0.0797506
21.93
1025.8
241.5
4.96
0.07
1.0
-0.074
0.108689
21.94
1028.1
241.7
4.84
-0.03
1.0
-0.041
0.131301
21.93
1030.3
241.6
4.94
0.09
1.0
-0.0
0.154647
22.02
1033.4
242.5
4.83
-0.01
1.0
0.024
0.216873
21.92
1034.6
241.5
4.88
0.06
1.0
0.081
0.281719
22.11
1038.6
243.4
4.9
0.08
1.0
0.122
0.309802
22.13
1040.9
243.4
4.85
0.04
1.0
0.156
0.329319
22.11
1042.8
243.1
4.96
0.15
1.0
0.186
0.351372
22.08
1044.5
242.6
5.02
0.22
1.0
0.215
0.353015
22.09
1046.6
242.5
4.97
0.16
1.0
0.234
0.364543
22.04
1048.1
241.8
4.91
0.08
1.0
0.262
0.275749
22.2
1051.7
243.2
4.96
0.13
1.0
0.271
0.352154
22.21
1053.8
243.0
4.88
0.03
1.0
0.284
0.333567
22.23
1055.9
242.9
4.98
0.12
1.0
0.287
0.301442
22.22
1057.7
242.6
5.1
0.22
1.0
0.292
0.315234
22.26
1060.1
242.7
4.98
0.08
1.0
0.287
0.209397
22.29
1062.3
242.7
4.97
0.05
1.0
0.27
0.246445
22.25
1063.9
242.0
4.99
0.05
1.0
0.264
0.17134
22.34
1066.7
242.6
5.11
0.15
1.0
0.237
0.169046
22.26
1067.9
241.6
5.05
0.07
1.0
0.237
0.162297
22.43
1071.6
243.0
5.04
0.04
1.0
0.209
0.0888144
22.36
1072.9
242.1
5.01
-0.01
1.0
0.189
0.081406
22.42
1075.5
242.5
5.08
0.03
1.0
0.167
0.0336532
22.45
1077.9
242.6
5.12
0.05
1.0
0.143
-0.0522405
22.54
1080.9
243.4
5.03
-0.06
1.0
0.102
-0.129712
22.56
1083.2
243.4
5.08
-0.02
1.0
0.052
-0.155364
22.48
1084.6
242.6
5.12
0.0
1.0
0.018
-0.161352
22.52
1087.2
243.0
5.03
-0.1
1.0
-0.032
-0.213105
22.38
1088.1
241.6
5.11
-0.02
1.0
-0.066
-0.236315
22.4
1090.5
241.8
5.12
-0.03
1.0
-0.093
-0.260141
22.46
1093.5
242.5
4.94
-0.21
1.0
-0.125
-0.268596
22.44
1095.6
242.4
5.1
-0.05
1.0
-0.158
-0.326018
22.41
1097.7
242.2
5.03
-0.12
1.0
-0.185
-0.359031
22.46
1100.6
242.9
4.91
-0.23
1.0
-0.216
-0.350542
22.42
1102.7
242.8
5.06
-0.07
1.0
-0.238
-0.382077
22.45
1105.5
243.3
5.05
-0.08
1.0
-0.278
-0.37737
22.26
1106.1
241.6
5.04
-0.06
1.0
-0.283
-0.343674
22.35
1109.5
242.8
5.01
-0.08
1.0
-0.295
-0.323443
22.28
1111.3
242.4
5.01
-0.06
1.0
-0.303
-0.336019
22.24
1113.4
242.3
4.99
-0.06
1.0
-0.306
-0.324165
22.22
1115.8
242.4
4.79
-0.24
1.0
-0.31
-0.298025
22.17
1117.7
242.2
4.93
-0.07
1.0
-0.305
-0.253802
22.13
1119.9
242.1
4.77
-0.21
1.0
-0.289
-0.222894
22.14
1122.5
242.5
4.87
-0.09
1.0
-0.286
-0.205454
22.01
1123.7
241.5
4.87
-0.06
1.0
-0.251
-0.161399
22.16
1127.7
243.2
4.8
-0.1
1.0
-0.23
-0.0578602
22.08
1129.3
242.7
4.75
-0.13
1.0
-0.186
0.00632621
22.12
1132.1
243.3
4.75
-0.1
1.0
-0.153
-0.0262686
22.1
1134.3
243.3
4.91
0.08
1.0
-0.13
0.0383663
22.01
1135.8
242.6
4.83
0.02
1.0
-0.107
0.0676652
21.9
1137.0
241.5
4.85
0.06
1.0
-0.065
0.131772
21.95
1139.8
242.1
4.87
0.09
1.0
-0.019
0.189415
22.0
1142.5
242.7
4.74
-0.02
1.0
0.028
0.236377
22.05
1145.2
243.2
4.78
0.02
1.0
0.061
0.214471
22.02
1147.0
242.8
4.83
0.09
1.0
0.09
0.277545
21.97
1148.7
242.3
4.76
0.02
1.0
0.111
0.235869
21.9
1150.1
241.5
4.78
0.04
1.0
0.157
0.293518
22.11
1154.3
243.4
4.85
0.11
1.0
0.176
0.290835
22.06
1155.7
242.7
4.86
0.11
1.0
0.209
0.374453
22.12
1158.4
243.2
5.01
0.26
1.0
0.241
0.371438
22.16
1160.7
243.3
4.88
0.12
1.0
0.255
0.313111
22.13
1162.4
242.7
5.02
0.24
1.0
0.274
0.324407
22.22
1165.3
243.4
4.93
0.14
1.0
0.278
0.31713
22.18
1166.9
242.8
5.03
0.21
1.0
0.287
0.34954
22.19
1168.9
242.6
5.06
0.23
1.0
0.287
0.282085
22.17
1170.6
242.1
4.95
0.1
1.0
0.301
0.30286
22.33
1174.1
243.4
5.12
0.24
1.0
0.275
0.210139
22.17
1174.4
241.5
5.08
0.18
1.0
0.276
0.184055
22.37
1178.4
243.2
5.15
0.22
1.0
0.244
0.12748
22.28
1179.5
242.1
5.11
0.16
1.0
0.219
0.129928
22.27
1181.3
241.7
5.01
0.03
1.0
0.204
0.117031
22.33
1184.0
242.1
5.05
0.05
1.0
0.18
0.0285559
22.35
1186.2
242.1
5.03
-0.0
1.0
0.148
-0.00261255
22.35
1188.3
242.0
5.16
0.11
1.0
0.116
-0.0376372
22.36
1190.5
241.9
5.19
0.11
1.0
0.084
-0.0303426
22.33
1192.4
241.5
5.15
0.06
1.0
0.073
-0.0652216
22.49
1196.1
243.0
5.17
0.06
1.0
0.029
-0.157265
22.38
1197.2
241.9
5.08
-0.05
1.0
-0.005
-0.229786
22.45
1200.1
242.5
5.06
-0.09
1.0
-0.042
-0.218351
22.47
1202.6
242.8
5.15
-0.0
1.0
-0.081
-0.292795
22.46
1204.8
242.7
5.09
-0.08
1.0
-0.125
-0.31042
22.4
1206.6
242.3
4.99
-0.18
1.0
-0.153
-0.253341
22.39
1208.8
242.3
5.0
-0.17
1.0
-0.171
-0.296691
22.41
1211.5
242.7
5.04
-0.12
1.0
-0.197
-0.292891
22.36
1213.4
242.3
5.01
-0.15
1.0
-0.208
-0.310358
22.41
1216.3
243.1
5.07
-0.09
1.0
-0.245
-0.353104
22.24
1217.1
241.6
4.97
-0.17
1.0
-0.246
-0.30461
22.36
1220.8
243.1
5.04
-0.09
1.0
-0.248
-0.267669
22.37
1223.4
243.4
5.07
-0.05
1.0
-0.259
-0.345892
22.33
1225.5
243.3
5.03
-0.07
1.0
-0.282
-0.32518
22.2
1226.6
242.2
5.01
-0.07
1.0
-0.286
-0.294983
22.18
1228.9
242.3
4.91
-0.16
1.0
-0.278
-0.277662
22.24
1232.0
243.2
4.83
-0.21
1.0
-0.272
-0.157004
22.14
1233.5
242.5
5.0
-0.01
1.0
-0.256
-0.179528
22.09
1235.5
242.2
4.97
-0.02
1.0
-0.241
-0.132397
22.03
1237.4
241.9
4.96
-0.0
1.0
-0.216
-0.0779442
22.02
1239.7
242.0
4.8
-0.14
1.0
-0.195
-0.0555791
21.95
1241.4
241.5
4.79
-0.13
1.0
-0.152
0.0310098
22.05
1244.8
242.7
4.9
0.0
1.0
-0.127
0.0209498
21.96
1246.2
241.9
4.92
0.04
1.0
-0.087
0.0739821
22.05
1249.4
242.9
4.9
0.04
1.0
-0.05
0.158854
22.03
1251.5
242.8
4.91
0.07
1.0
-0.009
0.165898
22.05
1253.9
243.1
4.97
0.14
1.0
0.02
0.16248
22.02
1255.8
242.7
4.84
0.02
1.0
0.063
0.276274
22.08
1258.6
243.3
4.98
0.17
1.0
0.094
0.253956
22.03
1260.2
242.7
4.83
0.02
1.0
0.132
0.31759
22.06
1262.6
242.9
4.88
0.07
1.0
0.16
0.294455
22.04
1264.4
242.5
5.0
0.2
1.0
0.191
0.287268
22.13
1267.3
243.2
4.89
0.08
1.0
0.211
0.285234
22.16
1269.6
243.3
5.02
0.2
1.0
0.211
0.32158
21.99
1270.0
241.5
4.98
0.16
1.0
0.233
0.328007
22.05
1272.6
241.9
5.07
0.24
1.0
0.267
0.365783
22.22
1276.3
243.3
5.0
0.15
1.0
0.262
0.277282
22.09
1276.9
241.7
5.05
0.18
1.0
0.281
0.304947
22.26
1280.6
243.2
4.96
0.08
1.0
0.287
0.31426
22.28
1282.7
243.1
5.14
0.24
1.0
0.291
0.300167
22.31
1284.9
243.1
5.08
0.16
1.0
0.291
0.246735
22.35
1287.3
243.3
5.01
0.06
1.0
0.276
0.176442
22.37
1289.4
243.1
5.0
0.03
1.0
0.258
0.183989
22.37
1291.4
242.9
5.09
0.1
1.0
0.242
0.15592
22.38
1293.5
242.8
5.16
0.14
1.0
0.213
0.112373
22.32
1294.8
241.9
5.1
0.06
1.0
0.197
0.0505525
22.43
1297.9
242.7
5.19
0.12
1.0
0.169
0.0228487
22.44
1300.2
242.7
5.15
0.05
1.0
0.143
-0.00779452
22.49
1302.7
243.0
5.2
0.09
1.0
0.097
-0.0564078
22.35
1303.4
241.5
5.02
-0.11
1.0
0.068
-0.0767087
22.38
1305.9
241.7
5.16
0.0
1.0
0.03
-0.189119
22.38
1308.1
241.7
5.13
-0.04
1.0
0.007
-0.157401
22.53
1311.9
243.2
5.03
-0.15
1.0
-0.036
-0.280873
22.49
1313.8
242.8
5.2
0.01
1.0
-0.075
-0.224998
22.48
1315.9
242.8
5.03
-0.16
1.0
-0.106
-0.288252
22.49
1318.3
242.9
5.04
-0.16
1.0
-0.145
-0.296967
22.41
1320.0
242.3
5.1
-0.1
1.0
-0.172
-0.31947
22.42
1322.5
242.6
5.14
-0.05
1.0
-0.197
-0.317736
22.41
1324.8
242.6
4.98
-0.21
1.0
-0.216
-0.309993
22.41
1327.2
242.8
5.1
-0.07
1.0
-0.247
-0.376688
22.3
1328.6
242.0
5.08
-0.09
1.0
-0.27
-0.349035
22.26
1330.6
241.8
4.97
-0.18
1.0
-0.271
-0.314581
22.35
1334.1
243.0
4.96
-0.17
1.0
-0.288
-0.322886
22.23
1335.3
242.0
4.97
-0.15
1.0
-0.284
-0.246559
22.23
1337.9
242.4
5.01
-0.09
1.0
-0.282
-0.256657
22.16
1339.7
242.0
4.85
-0.22
1.0
-0.271
-0.269875
22.22
1342.8
242.8
4.94
-0.11
1.0
-0.278
-0.234916
22.08
1343.9
241.7
4.99
-0.02
1.0
-0.266
-0.207155
22.09
1346.4
242.1
4.91
-0.08
1.0
-0.257
-0.153668
22.0
1348.1
241.5
4.86
-0.1
1.0
-0.223
-0.12591
22.13
1351.7
242.9
4.77
-0.17
1.0
-0.202
-0.0818016
22.09
1353.8
242.8
4.78
-0.14
1.0
-0.172
0.0255866
22.04
1355.7
242.5
4.86
-0.03
1.0
-0.136
-0.0038779
22.06
1358.3
242.8
4.91
0.04
1.0
-0.105
0.115049
22.0
1360.0
242.4
4.9
0.06
1.0
-0.06
0.156116
22.01
1362.3
242.5
4.79
-0.03
1.0
-0.03
0.137324
21.93
1363.8
241.8
4.81
-0.0
1.0
0.006
0.195499
21.95
1366.2
241.9
4.85
0.05
1.0
0.038
0.212098
21.92
1368.1
241.7
4.86
0.07
1.0
0.079
0.301632
21.96
1370.6
242.0
4.91
0.13
1.0
0.119
0.270117
22.01
1373.2
242.3
4.83
0.04
1.0
0.15
0.322606
22.01
1375.2
242.2
4.84
0.06
1.0
0.187
0.290509
22.12
1378.4
243.1
4.83
0.05
1.0
0.199
0.287557
22.06
1379.8
242.4
4.89
0.1
1.0
0.232
0.360086
22.19
1383.1
243.4
4.88
0.08
1.0
0.238
0.361287
22.02
1383.4
241.5
4.86
0.05
1.0
0.265
0.373571
22.11
1386.2
242.1
5.04
0.22
1.0
0.28
0.269612
22.19
1389.0
242.7
4.94
0.1
1.0
0.288
0.348142
22.23
1391.3
242.8
4.93
0.07
1.0
0.284
0.29674
22.16
1392.6
241.9
4.95
0.07
1.0
0.292
0.226121
22.32
1396.1
243.2
4.99
0.09
1.0
0.282
0.263169
22.32
1398.1
242.9
4.95
0.02
1.0
0.262
0.147839
22.28
1399.6
242.2
5.03
0.09
1.0
0.243
0.141622
22.33
1402.1
242.4
5.12
0.15
1.0
0.229
0.144154
22.4
1404.7
242.9
5.06
0.07
1.0
0.207
0.0459683
22.44
1407.2
243.1
4.98
-0.04
1.0
0.17
0.0281311
22.38
1408.6
242.3
5.04
0.0
1.0
0.144
-0.0126845
22.43
1411.3
242.7
5.18
0.12
1.0
0.116
-0.0573613
22.48
1413.8
243.0
5.02
-0.06
1.0
0.08
-0.0636492
22.44
1415.6
242.5
5.01
-0.09
1.0
0.055
-0.0989499
22.49
1418.2
242.9
5.04
-0.07
1.0
0.022
-0.141135
22.47
1420.3
242.7
5.02
-0.1
1.0
-0.026
-0.232192
22.37
1421.5
241.7
5.13
-0.01
1.0
-0.056
-0.220333
22.43
1424.4
242.4
5.13
-0.02
1.0
-0.094
-0.228208
22.35
1425.9
241.6
5.08
-0.07
1.0
-0.112
-0.246992
22.43
1429.1
242.5
5.05
-0.1
1.0
-0.144
-0.250665
22.35
1430.6
241.9
5.06
-0.1
1.0
-0.155
-0.273465
22.44
1433.9
242.9
5.04
-0.11
1.0
-0.185
-0.297371
22.36
1435.5
242.2
4.95
-0.2
1.0
-0.21
-0.290244
22.28
1437.2
241.7
5.08
-0.07
1.0
-0.231
-0.367612
22.28
1439.6
241.9
4.89
-0.25
1.0
-0.26
-0.365627
22.23
1441.5
241.6
4.92
-0.2
1.0
-0.27
-0.362653
22.3
1444.8
242.6
5.01
-0.1
1.0
-0.286
-0.259592
22.18
1446.1
241.7
4.96
-0.13
1.0
-0.267
-0.248837
22.29
1449.7
243.1
4.94
-0.13
1.0
-0.267
-0.26427
22.24
1451.7
242.8
4.83
-0.22
1.0
-0.265
-0.267667
22.23
1454.1
243.0
4.98
-0.04
1.0
-0.265
-0.227874
22.16
1455.8
242.5
4.87
-0.14
1.0
-0.257
-0.145148
22.06
1457.4
241.9
4.78
-0.19
1.0
-0.237
-0.122331
22.03
1459.5
241.7
4.88
-0.07
1.0
-0.21
-0.0942739
22.06
1462.2
242.3
4.84
-0.09
1.0
-0.185
-0.0610169
22.05
1464.5
242.4
4.78
-0.13
1.0
-0.155
0.00542048
22.05
1466.9
242.6
4.87
-0.01
1.0
-0.126
0.0606385
21.99
1468.6
242.1
4.76
-0.11
1.0
-0.08
0.107443
22.06
1471.6
242.9
4.91
0.07
1.0
-0.06
0.0976416
21.91
1472.4
241.5
4.84
0.01
1.0
-0.024
0.138821
21.97
1475.2
242.1
4.85
0.03
1.0
0.008
0.150688
21.99
1477.7
242.3
4.77
-0.03
1.0
0.034
0.244707
21.91
1479.0
241.5
4.8
0.02
1.0
0.081
0.29805
21.97
1481.8
242.0
4.9
0.12
1.0
0.131
0.32164
22.08
1485.0
243.0
4.97
0.2
1.0
0.156
0.343642
21.97
1485.9
241.8
4.98
0.2
1.0
0.199
0.296001
22.14
1489.6
243.3
4.95
0.17
1.0
0.211
0.317653
22.07
1490.9
242.4
4.9
0.11
1.0
0.23
0.284276
22.12
1493.4
242.6
4.96
0.17
1.0
0.238
0.360693
22.06
1494.7
241.8
4.98
0.17
1.0
0.267
0.332886
22.19
1498.1
242.9
4.9
0.08
1.0
0.274
0.269333
22.22
1500.3
242.9
5.06
0.23
1.0
0.275
0.246806
22.28
1502.8
243.2
4.97
0.12
1.0
0.265
0.326673
22.17
1503.7
241.8
5.04
0.18
1.0
0.275
0.236564
22.28
1506.8
242.7
4.97
0.09
1.0
0.26
0.264984
22.19
1507.8
241.5
4.99
0.08
1.0
0.251
0.154965
22.24
1510.3
241.8
5.13
0.2
1.0
0.234
0.183026
22.26
1512.4
241.7
5.08
0.13
1.0
0.231
0.0811431
22.45
1516.3
243.3
5.11
0.14
1.0
0.19
0.082534
22.31
1517.0
241.8
5.03
0.04
1.0
0.172
0.0757678
22.37
1519.6
242.1
5.13
0.11
1.0
0.15
0.0035258
22.4
1522.1
242.3
4.99
-0.04
1.0
0.111
-0.0605902
22.36
1523.7
241.8
5.15
0.09
1.0
0.089
-0.102298
22.51
1527.4
243.2
5.03
-0.04
1.0
0.055
-0.132586
22.53
1529.8
243.3
5.04
-0.05
1.0
0.016
-0.1685
22.5
1531.7
243.0
5.03
-0.07
1.0
-0.023
-0.210037
22.48
1533.7
242.7
5.09
-0.02
1.0
-0.048
-0.188984
22.53
1536.5
243.3
5.11
-0.01
1.0
-0.079
-0.266118
22.52
1538.7
243.3
5.12
-0.0
1.0
-0.115
-0.284719
22.49
1540.7
243.1
4.94
-0.19
1.0
-0.157
-0.313043
22.38
1542.0
242.1
5.04
-0.09
1.0
-0.192
-0.335055
22.31
1543.8
241.6
4.93
-0.19
1.0
-0.218
-0.302704
22.27
1545.9
241.5
4.96
-0.16
1.0
-0.221
-0.339737
22.43
1549.9
243.3
4.91
-0.21
1.0
-0.244
-0.375842
22.41
1552.1
243.2
4.88
-0.22
1.0
-0.274
-0.331692
22.27
1553.2
242.1
4.87
-0.21
1.0
-0.286
-0.324089
22.22
1555.2
241.9
4.91
-0.16
1.0
-0.295
-0.341121
22.19
1557.5
241.9
4.89
-0.16
1.0
-0.295
-0.284475
22.2
1560.1
242.3
4.81
-0.23
1.0
-0.291
-0.263891
22.17
1562.3
242.3
4.88
-0.13
1.0
-0.295
-0.261494
22.06
1563.7
241.5
4.8
-0.19
1.0
-0.263
-0.169923
22.22
1567.8
243.4
4.95
-0.01
1.0
-0.258
-0.118176
22.02
1568.2
241.6
4.85
-0.09
1.0
-0.234
-0.120523
22.0
1570.5
241.6
4.9
-0.02
1.0
-0.216
-0.132666
21.98
1572.7
241.7
4.89
-0.01
1.0
-0.182
-0.0791472
22.11
1576.4
243.2
4.89
0.01
1.0
-0.156
-0.0274327
22.1
1578.7
243.3
4.87
0.02
1.0
-0.121
0.0724082
22.1
1581.0
243.4
4.78
-0.05
1.0
-0.091
0.0664574
22.03
1582.7
242.8
4.75
-0.07
1.0
-0.061
0.131451
21.97
1584.3
242.3
4.75
-0.05
1.0
-0.028
0.208025
21.89
1585.7
241.5
4.83
0.04
1.0
0.027
0.204621
22.03
1589.4
242.9
4.92
0.14
1.0
0.055
0.252941
21.94
1590.7
242.0
4.83
0.06
1.0
0.105
0.300735
22.06
1593.9
243.1
4.95
0.18
1.0
0.132
0.282741
21.99
1595.3
242.3
4.87
0.1
1.0
0.169
0.265548
22.12
1598.7
243.4
4.84
0.07
1.0
0.176
0.293605
21.99
1599.4
242.0
4.81
0.04
1.0
0.198
0.35583
21.97
1601.2
241.6
4.84
0.06
1.0
0.236
0.352672
22.11
1604.6
242.7
4.97
0.19
1.0
0.253
0.369572
22.08
1606.2
242.1
4.87
0.07
1.0
0.274
0.350404
22.12
1608.6
242.3
4.93
0.12
1.0
0.285
0.286431
22.18
1611.2
242.7
4.96
0.13
1.0
0.274
0.294547
22.09
1612.2
241.5
5.06
0.21
1.0
0.286
0.262374
22.25
1615.7
242.7
4.95
0.08
1.0
0.286
0.278432
22.3
1618.1
243.0
4.95
0.05
1.0
0.283
0.225223
22.35
1620.6
243.2
4.95
0.04
1.0
0.267
0.155268
22.37
1622.8
243.2
5.01
0.07
1.0
0.239
0.144209
22.32
1624.3
242.4
5.11
0.14
1.0
0.218
0.131823
22.31
1626.2
242.1
5.07
0.08
1.0
0.197
0.0388434
22.38
1628.9
242.5
5.16
0.15
1.0
0.167
0.0723856
22.35
1630.6
242.0
5.07
0.03
1.0
0.15
0.0254232
22.42
1633.4
242.6
5.0
-0.05
1.0
0.118
-0.0135892
22.36
1634.9
241.9
5.07
-0.01
1.0
0.094
-0.0375698
22.4
1637.5
242.2
5.16
0.07
1.0
0.066
-0.132727
22.47
1640.3
242.7
5.06
-0.05
1.0
0.03
-0.109064
22.44
1642.2
242.4
5.02
-0.11
1.0
0.003
-0.231727
22.53
1645.4
243.4
5.07
-0.07
1.0
-0.045
-0.180182
22.41
1646.5
242.2
5.15
-0.0
1.0
-0.076
-0.254894
22.41
1648.7
242.2
5.17
0.01
1.0
-0.11
-0.232902
22.37
1650.6
241.9
5.07
-0.1
1.0
-0.14
-0.261013
22.31
1652.5
241.5
5.03
-0.14
1.0
-0.149
-0.300129
22.49
1656.6
243.3
5.0
-0.17
1.0
-0.2
-0.374208
22.28
1656.9
241.5
4.93
-0.23
1.0
-0.222
-0.381616
22.38
1660.4
242.7
5.08
-0.08
1.0
-0.254
-0.372664
22.31
1662.2
242.2
4.93
-0.22
1.0
-0.27
-0.363688
22.33
1664.8
242.7
4.94
-0.19
1.0
-0.288
-0.305789
22.24
1666.4
242.0
4.95
-0.16
1.0
-0.299
-0.327827
22.16
1668.1
241.5
4.91
-0.18
1.0
-0.289
-0.300346
22.27
1671.8
242.9
4.88
-0.19
1.0
-0.294
-0.211577
22.12
1672.7
241.7
4.84
-0.2
1.0
-0.272
-0.192443
22.16
1675.6
242.3
4.82
-0.2
1.0
-0.255
-0.223017
22.19
1678.5
243.0
4.98
-0.02
1.0
-0.25
-0.131472
22.06
1679.7
241.9
4.84
-0.14
1.0
-0.22
-0.140009
22.14
1682.8
242.9
4.89
-0.06
1.0
-0.199
-0.11102
22.15
1685.4
243.2
4.84
-0.09
1.0
-0.185
-0.0185514
22.01
1686.4
242.0
4.83
-0.08
1.0
-0.155
-0.0415898
22.03
1688.9
242.4
4.91
0.03
1.0
-0.119
0.0588752
22.08
1691.8
243.0
4.83
-0.04
1.0
-0.092
0.100797
21.96
1693.0
242.0
4.8
-0.05
1.0
-0.059
0.07008
21.98
1695.4
242.2
4.76
-0.07
1.0
-0.029
0.157736
21.97
1697.5
242.1
4.84
0.02
1.0
0.014
0.224921
22.0
1700.0
242.4
4.95
0.15
1.0
0.063
0.258389
22.08
1703.0
243.3
4.97
0.18
1.0
0.089
0.256145
21.98
1704.1
242.2
4.93
0.14
1.0
0.122
0.304737
21.98
1706.2
242.1
4.92
0.14
1.0
0.149
0.302762
21.95
1708.0
241.6
4.93
0.14
1.0
0.189
0.269502
22.14
1711.9
243.3
5.0
0.21
1.0
0.205
0.326751
22.1
1713.5
242.8
5.01
0.21
1.0
0.228
0.343884
22.11
1715.6
242.6
4.85
0.05
1.0
0.257
0.380082
22.18
1718.3
243.1
5.0
0.19
1.0
0.275
0.336997
22.19
1720.3
242.9
4.99
0.16
1.0
0.284
0.314352
22.21
1722.5
242.9
4.9
0.05
1.0
0.285
0.261248
22.23
1724.7
242.8
5.03
0.17
1.0
0.285
0.300482
22.26
1726.9
242.8
4.98
0.09
1.0
0.281
0.270294
22.25
1728.7
242.4
5.02
0.12
1.0
0.269
0.181938
22.26
1730.7
242.2
5.13
0.2
1.0
0.25
0.207513
22.23
1732.4
241.7
5.06
0.11
1.0
0.248
0.165215
22.36
1735.7
242.8
5.06
0.09
1.0
0.24
0.168611
22.45
1738.6
243.4
5.0
0.0
1.0
0.223
0.124261
22.46
1740.7
243.3
5.12
0.1
1.0
0.185
0.00635335
22.38
1741.9
242.2
5.17
0.13
1.0
0.157
0.0201509
22.42
1744.4
242.5
5.17
0.1
1.0
0.135
-0.0201834
22.5
1747.3
243.1
5.11
0.03
1.0
0.094
-0.133621
22.48
1749.2
242.8
5.05
-0.05
1.0
0.062
-0.0979301
22.53
1751.9
243.3
5.12
-0.0
1.0
0.012
-0.154316
22.36
1752.4
241.5
5.11
-0.02
1.0
-0.009
-0.162226
22.47
1755.8
242.6
5.03
-0.12
1.0
-0.05
-0.250171
22.41
1757.5
242.1
5.09
-0.06
1.0
-0.089
-0.308462
22.44
1760.0
242.4
5.04
-0.12
1.0
-0.132
-0.316889
22.41
1762.1
242.2
5.11
-0.05
1.0
-0.152
-0.299732
22.51
1765.5
243.4
5.0
-0.16
1.0
-0.184
-0.351623
22.47
1767.5
243.2
5.06
-0.09
1.0
-0.217
-0.303953
22.36
1768.9
242.3
5.04
-0.11
1.0
-0.235
-0.314656
22.33
1771.0
242.2
4.94
-0.2
1.0
-0.252
-0.352771
22.32
1773.4
242.4
5.06
-0.06
1.0
-0.272
-0.308771
22.24
1775.1
241.8
4.98
-0.13
1.0
-0.276
-0.360617
22.3
1778.2
242.6
4.92
-0.17
1.0
-0.281
-0.303456
22.31
1780.8
243.1
4.99
-0.09
1.0
-0.292
-0.236014
22.14
1781.6
241.7
4.92
-0.14
1.0
-0.276
-0.241061
22.19
1784.6
242.4
4.98
-0.05
1.0
-0.278
-0.269393
22.11
1786.3
241.9
4.87
-0.14
1.0
-0.272
-0.208401
22.08
1788.5
241.8
4.84
-0.15
1.0
-0.257
-0.201933
22.09
1791.1
242.2
4.82
-0.14
1.0
-0.241
-0.168721
22.1
1793.6
242.6
4.76
-0.18
1.0
-0.216
-0.135
22.16
1796.7
243.4
4.83
-0.08
1.0
-0.194
0.00440288
22.07
1798.2
242.7
4.79
-0.1
1.0
-0.155
0.00992406
22.07
1800.6
242.9
4.9
0.03
1.0
-0.13
0.0663408
21.95
1801.7
241.8
4.87
0.02
1.0
-0.098
0.0390649
21.95
1804.0
241.9
4.9
0.07
1.0
-0.058
0.109051
22.04
1807.1
242.9
4.85
0.04
1.0
-0.019
0.140636
22.08
1809.8
243.3
4.83
0.03
1.0
0.011
0.224077
22.0
1811.2
242.5
4.93
0.14
1.0
0.044
0.256707
21.92
1812.6
241.7
4.79
0.01
1.0
0.084
0.234571
21.98
1815.3
242.2
4.83
0.05
1.0
0.125
0.303514
22.07
1818.3
243.0
4.89
0.12
1.0
0.154
0.330875
22.01
1819.8
242.3
4.83
0.05
1.0
0.193
0.353827
22.08
1822.5
242.8
5.01
0.23
1.0
0.219
0.28015
22.14
1825.1
243.2
4.98
0.19
1.0
0.221
0.342248
22.0
1825.7
241.6
4.89
0.09
1.0
0.257
0.349277
22.17
1829.4
243.1
5.0
0.19
1.0
0.272
0.321369
22.19
1831.6
243.0
4.96
0.14
1.0
0.28
0.302956
22.22
1833.8
243.0
5.02
0.19
1.0
0.271
0.314308
22.09
1834.4
241.5
5.09
0.23
1.0
0.285
0.26818
22.24
1837.9
242.7
5.09
0.21
1.0
0.277
0.229091
22.25
1839.9
242.5
4.98
0.08
1.0
0.264
0.181243
22.28
1842.1
242.5
5.14
0.22
1.0
0.249
0.192128
22.3
1844.3
242.5
5.13
0.19
1.0
0.239
0.196382
22.32
1846.5
242.4
5.11
0.14
1.0
0.231
0.108636
22.42
1849.5
243.2
5.17
0.18
1.0
0.203
0.136026
22.34
1850.7
242.2
5.07
0.06
1.0
0.183
0.0325261
22.39
1853.2
242.4
5.16
0.12
1.0
0.156
0.0163795
22.41
1855.6
242.6
5.02
-0.04
1.0
0.124
-0.043869
22.42
1857.7
242.5
5.14
0.05
1.0
0.081
-0.0767828
22.33
1859.0
241.5
5.02
-0.08
1.0
0.06
-0.151537
22.49
1862.8
243.0
5.14
0.02
1.0
0.022
-0.122428
22.47
1864.7
242.7
5.04
-0.09
1.0
-0.024
-0.225592
22.35
1865.9
241.6
5.15
0.0
1.0
-0.053
-0.197757
22.41
1868.7
242.2
5.0
-0.15
1.0
-0.072
-0.211887
22.49
1871.8
243.1
5.06
-0.11
1.0
-0.116
-0.305173
22.37
1873.0
242.0
5.01
-0.16
1.0
-0.154
-0.293659
22.31
1874.7
241.5
4.98
-0.2
1.0
-0.18
-0.285935
22.3
1877.1
241.6
5.05
-0.12
1.0
-0.195
-0.308357
22.36
1880.0
242.3
5.13
-0.04
1.0
-0.219
-0.320817
22.32
1882.0
242.1
4.95
-0.21
1.0
-0.247
-0.353465
22.23
1883.7
241.5
5.09
-0.06
1.0
-0.249
-0.341026
22.39
1887.7
243.3
4.95
-0.18
1.0
-0.266
-0.346879
22.35
1889.8
243.1
4.99
-0.13
1.0
-0.275
-0.289924
22.31
1891.9
243.1
5.03
-0.07
1.0
-0.292
-0.29397
22.13
1892.6
241.6
4.93
-0.16
1.0
-0.27
-0.2136
22.27
1896.5
243.2
4.84
-0.23
1.0
-0.262
-0.276036
22.26
1898.9
243.4
4.83
-0.21
1.0
-0.272
-0.180942
22.05
1899.3
241.6
4.85
-0.17
1.0
-0.257
-0.189685
22.03
1901.6
241.7
4.88
-0.11
1.0
-0.235
-0.122621
22.06
1904.3
242.2
4.83
-0.14
1.0
-0.208
-0.0633204
22.06
1906.7
242.4
4.96
0.01
1.0
-0.175
-0.0712849
22.12
1909.7
243.1
4.94
0.01
1.0
-0.156
0.0312642
22.0
1910.9
242.1
4.8
-0.11
1.0
-0.125
-0.00394886
22.0
1913.2
242.3
4.84
-0.05
1.0
-0.096
0.0632109
22.0
1915.5
242.4
4.83
-0.03
1.0
-0.065
0.113147
21.97
1917.5
242.2
4.91
0.06
1.0
-0.039
0.110615
21.91
1919.2
241.6
4.97
0.14
1.0
0.001
0.198227
21.97
1922.0
242.2
4.84
0.02
1.0
0.038
0.192091
22.0
1924.4
242.5
4.86
0.04
1.0
0.077
0.275983
22.04
1927.0
242.8
4.83
0.02
1.0
0.108
0.260023
22.01
1928.8
242.4
4.89
0.08
1.0
0.152
0.334096
22.12
1932.0
243.4
4.84
0.04
1.0
0.165
0.275246
21.98
1932.6
241.8
4.97
0.16
1.0
0.195
0.338901
22.04
1935.3
242.3
4.97
0.16
1.0
0.22
0.346238
22.05
1937.3
242.2
4.95
0.13
1.0
0.24
0.30842
22.09
1939.7
242.3
5.0
0.17
1.0
0.26
0.330156
22.17
1942.5
242.9
5.11
0.26
1.0
0.257
0.287062
22.07
1943.4
241.6
5.1
0.23
1.0
0.271
0.31491
22.18
1946.5
242.4
5.12
0.24
1.0
0.277
0.269151
22.23
1948.9
242.7
4.98
0.08
1.0
0.273
0.2755
22.22
1950.8
242.3
5.1
0.17
1.0
0.278
0.232611
22.33
1953.9
243.2
5.15
0.2
1.0
0.273
0.243089
22.37
1956.2
243.3
5.2
0.22
1.0
0.243
0.13531
22.24
1956.9
241.7
5.14
0.14
1.0
0.232
0.138668
22.35
1960.0
242.6
5.17
0.15
1.0
0.209
0.105564
22.35
1961.9
242.3
5.18
0.13
1.0
0.188
0.0481482
22.39
1964.4
242.6
5.17
0.1
1.0
0.171
0.0458846
22.49
1967.5
243.4
5.15
0.05
1.0
0.13
-0.00465638
22.35
1968.2
241.8
5.19
0.07
1.0
0.11
-0.0982854
22.5
1971.8
243.2
5.2
0.06
1.0
0.072
-0.133238
22.52
1974.2
243.4
5.14
-0.02
1.0
0.035
-0.139604
22.51
1976.3
243.2
5.16
-0.02
1.0
-0.003
-0.197836
22.5
1978.4
243.1
5.23
0.04
1.0
-0.05
-0.206465
22.37
1979.4
241.8
5.05
-0.15
1.0
-0.077
-0.213782
22.4
1981.9
242.1
5.03
-0.18
1.0
-0.114
-0.304268
22.35
1983.8
241.8
5.09
-0.13
1.0
-0.147
-0.270815
22.34
1986.0
241.8
5.02
-0.2
1.0
-0.172
-0.344624
22.37
1988.7
242.2
5.15
-0.07
1.0
-0.196
-0.312747
22.4
1991.5
242.7
5.08
-0.14
1.0
-0.227
-0.370155
22.32
1993.2
242.2
5.06
-0.15
1.0
-0.244
-0.337125
22.36
1996.1
242.8
5.01
-0.19
1.0
-0.258
-0.30228
22.33
1998.2
242.7
5.04
-0.14
1.0
-0.261
-0.289103
22.33
2000.7
243.0
5.0
-0.17
1.0
-0.277
-0.338886
22.23
2002.2
242.3
4.93
-0.22
1.0
-0.283
-0.261715
22.18
2004.2
242.1
5.02
-0.11
1.0
-0.266
-0.241747
22.27
2007.6
243.3
4.89
-0.22
1.0
-0.259
-0.179848
22.2
2009.4
242.8
4.97
-0.12
1.0
-0.249
-0.224795
22.17
2011.6
242.8
4.88
-0.19
1.0
-0.236
-0.143557
22.15
2013.8
242.8
4.92
-0.13
1.0
-0.222
-0.141196
22.09
2015.6
242.4
4.86
-0.16
1.0
-0.194
-0.0541766
22.12
2018.4
243.0
4.88
-0.12
1.0
-0.169
-0.0363857
22.07
2020.3
242.7
4.93
-0.04
1.0
-0.141
0.0405684
22.03
2022.2
242.3
4.92
-0.03
1.0
-0.102
0.00883805
22.11
2025.3
243.3
4.83
-0.11
1.0
-0.089
0.107598
21.92
2025.7
241.5
4.99
0.08
1.0
-0.047
0.0665266
22.04
2029.2
242.7
5.01
0.11
1.0
-0.018
0.151896
22.03
2031.4
242.8
5.0
0.11
1.0
0.011
0.234971
21.93
2032.5
241.7
5.03
0.15
1.0
0.055
0.182981
22.03
2035.7
242.7
5.01
0.15
1.0
0.07
0.211154
21.93
2036.9
241.6
5.01
0.15
1.0
0.115
0.30948
22.06
2040.2
242.8
5.04
0.19
1.0
0.156
0.318019
22.12
2042.9
243.2
4.99
0.14
1.0
0.176
0.27604
22.07
2044.5
242.6
5.04
0.19
1.0
0.209
0.358552
22.15
2047.3
243.2
5.0
0.14
1.0
0.222
0.380636
22.0
2047.7
241.5
5.09
0.22
1.0
0.263
0.33127
22.21
2051.9
243.4
4.95
0.08
1.0
0.266
0.308298
22.16
2053.2
242.6
4.94
0.05
1.0
0.272
0.32501
22.15
2055.1
242.2
5.12
0.21
1.0
0.283
0.318205
22.2
2057.6
242.5
5.13
0.21
1.0
0.282
0.255863
22.22
2059.7
242.3
5.13
0.19
1.0
0.28
0.266867
22.26
2062.1
242.5
5.13
0.17
1.0
0.283
0.253815
22.35
2064.9
243.1
5.15
0.16
1.0
0.254
0.148596
22.23
2065.7
241.7
5.13
0.12
1.0
0.236
0.187573
22.24
2067.7
241.5
5.13
0.1
1.0
0.226
0.148708
22.3
2070.4
241.9
5.21
0.16
1.0
0.206
0.0813556
22.34
2072.7
242.0
5.16
0.08
1.0
0.19
0.069079
22.44
2075.8
242.8
5.06
-0.04
1.0
0.161
0.0516298
22.4
2077.4
242.2
5.17
0.04
1.0
0.138
-0.00410681
22.43
2079.9
242.4
5.19
0.05
1.0
0.109
-0.0527778
22.46
2082.3
242.6
5.1
-0.06
1.0
0.085
-0.0781712
22.54
2085.2
243.3
5.1
-0.08
1.0
0.038
-0.135482
22.41
2086.1
241.9
5.15
-0.05
1.0
0.003
-0.174387
22.42
2088.5
242.0
5.16
-0.05
1.0
-0.037
-0.197828
22.37
2090.2
241.5
5.03
-0.19
1.0
-0.067
-0.297162
22.46
2093.4
242.5
5.2
-0.02
1.0
-0.109
-0.26635
22.42
2095.3
242.2
5.15
-0.07
1.0
-0.148
-0.355584
22.39
2097.4
242.0
5.11
-0.12
1.0
-0.181
-0.36791
22.43
2100.2
242.6
5.03
-0.19
1.0
-0.218
-0.314545
22.33
2101.6
241.7
5.15
-0.07
1.0
-0.232
-0.3626
22.4
2104.8
242.7
5.04
-0.17
1.0
-0.257
-0.36344
22.36
2106.8
242.5
5.1
-0.09
1.0
-0.27
-0.369392
22.39
2109.7
243.1
5.01
-0.16
1.0
-0.286
-0.321403
22.33
2111.6
242.8
4.97
-0.18
1.0
-0.289
-0.333216
22.33
2114.2
243.1
5.06
-0.07
1.0
-0.301
-0.256413
22.18
2115.2
241.9
4.88
-0.23
1.0
-0.296
-0.235959
22.11
2117.0
241.5
5.03
-0.05
1.0
-0.284
-0.252927
22.13
2119.7
242.0
4.87
-0.19
1.0
-0.27
-0.223918
22.17
2122.6
242.6
4.93
-0.1
1.0
-0.265
-0.181127
22.07
2124.0
241.9
4.91
-0.09
1.0
-0.247
-0.112789
22.01
2125.9
241.6
4.94
-0.04
1.0
-0.218
-0.104519
22.05
2128.8
242.2
4.86
-0.09
1.0
-0.18
-0.00178921
22.11
2131.7
243.0
4.79
-0.14
1.0
-0.141
0.0153574
22.14
2134.4
243.4
4.87
-0.04
1.0
-0.119
0.0703476
22.0
2135.3
242.1
4.8
-0.08
1.0
-0.086
0.0627496
21.99
2137.6
242.2
4.87
0.0
1.0
-0.055
0.0670573
22.03
2140.2
242.6
4.87
0.02
1.0
-0.022
0.147628
22.06
2142.7
243.0
4.91
0.07
1.0
0.009
0.145661
22.06
2144.9
242.9
4.87
0.05
1.0
0.03
0.199753
21.96
2146.1
241.9
4.85
0.04
1.0
0.072
0.248547
22.04
2149.1
242.7
4.86
0.06
1.0
0.105
0.232762
22.07
2151.6
243.0
4.82
0.03
1.0
0.128
0.32221
21.99
2152.8
242.0
4.95
0.16
1.0
0.171
0.279777
22.14
2156.3
243.3
4.89
0.09
1.0
0.189
0.292529
22.11
2158.1
242.9
4.97
0.17
1.0
0.21
0.310415
22.13
2160.2
242.8
4.86
0.06
1.0
0.238
0.382584
22.18
2162.7
243.1
5.04
0.23
1.0
0.246
0.340219
22.05
2163.5
241.6
4.9
0.07
1.0
0.279
0.347223
22.24
2167.3
243.2
4.91
0.07
1.0
0.271
0.290382
22.11
2167.9
241.6
4.99
0.13
1.0
0.287
0.32461
22.24
2171.2
242.7
5.06
0.18
1.0
0.285
0.294261
22.21
2172.8
242.1
5.04
0.13
1.0
0.281
0.210618
22.27
2175.3
242.4
5.04
0.12
1.0
0.276
0.175572
22.4
2178.6
243.4
5.0
0.05
1.0
0.259
0.179262
22.42
2180.8
243.4
5.05
0.08
1.0
0.233
0.166385
22.32
2181.8
242.1
5.0
0.0
1.0
0.203
0.0476745
22.28
2183.4
241.5
5.09
0.06
1.0
0.176
0.0494909
22.32
2185.8
241.7
5.02
-0.03
1.0
0.157
-0.00183378
22.44
2189.1
242.7
5.07
0.0
1.0
0.134
-0.00585664
22.51
2191.9
243.3
5.06
-0.03
1.0
0.098
-0.0901501
22.48
2193.7
242.9
5.07
-0.04
1.0
0.054
-0.0797674
22.37
2194.8
241.7
5.05
-0.08
1.0
0.027
-0.116428
22.39
2197.2
241.8
5.1
-0.04
1.0
-0.0
-0.21012
22.47
2200.3
242.7
5.0
-0.15
1.0
-0.031
-0.203937
22.53
2203.1
243.3
4.98
-0.18
1.0
-0.08
-0.28167
22.4
2204.2
242.1
5.0
-0.17
1.0
-0.12
-0.295645
22.38
2206.2
241.9
5.14
-0.03
1.0
-0.149
-0.309169
22.42
2209.0
242.4
5.1
-0.08
1.0
-0.177
-0.321382
22.41
2211.4
242.6
5.06
-0.11
1.0
-0.207
-0.294335
22.33
2212.9
241.9
5.11
-0.05
1.0
-0.214
-0.315615
22.42
2216.3
243.1
5.09
-0.07
1.0
-0.244
-0.303021
22.26
2217.2
241.7
4.94
-0.21
1.0
-0.256
-0.365044
22.3
2220.0
242.3
5.06
-0.08
1.0
-0.273
-0.337911
22.27
2222.3
242.3
4.95
-0.17
1.0
-0.279
-0.270035
22.24
2224.4
242.2
4.96
-0.14
1.0
-0.28
-0.309433
22.22
2226.8
242.4
4.9
-0.18
1.0
-0.28
-0.284341
22.22
2229.3
242.7
4.82
-0.23
1.0
-0.279
-0.185931
22.12
2230.8
241.9
4.92
-0.12
1.0
-0.262
-0.241549
22.15
2233.6
242.5
4.86
-0.15
1.0
-0.255
-0.149862
22.08
2235.3
242.0
4.93
-0.05
1.0
-0.225
-0.168183
22.19
2238.8
243.3
4.9
-0.06
1.0
-0.215
-0.109727
22.1
2240.4
242.7
4.94
0.01
1.0
-0.185
-0.0861161
22.15
2243.3
243.4
4.93
0.02
1.0
-0.166
-0.02318
22.08
2245.0
242.8
4.82
-0.06
1.0
-0.133
0.052718
22.05
2247.1
242.7
4.88
0.02
1.0
-0.104
0.0800472
21.97
2248.5
242.0
4.89
0.05
1.0
-0.073
0.0659083
21.96
2250.8
242.0
4.83
0.01
1.0
-0.033
0.168057
22.02
2253.6
242.7
4.76
-0.05
1.0
0.007
0.195444
22.03
2255.9
242.8
4.76
-0.03
1.0
0.047
0.274506
22.01
2257.9
242.6
4.85
0.06
1.0
0.087
0.237445
22.04
2260.3
242.8
4.98
0.2
1.0
0.11
0.305441
21.94
2261.4
241.7
4.83
0.05
1.0
0.154
0.264672
22.09
2265.0
243.1
4.93
0.15
1.0
0.165
0.322189
21.95
2265.7
241.5
5.0
0.22
1.0
0.193
0.280253
22.03
2268.4
242.1
5.0
0.21
1.0
0.215
0.357934
22.05
2270.6
242.1
5.01
0.22
1.0
0.249
0.349238
22.16
2273.8
243.0
5.04
0.24
1.0
0.265
0.375745
22.14
2275.5
242.5
4.93
0.11
1.0
0.282
0.272957
22.23
2278.3
243.2
5.02
0.18
1.0
0.272
0.28539
22.14
2279.4
242.0
4.99
0.13
1.0
0.275
0.288651
22.19
2281.8
242.2
5.12
0.24
1.0
0.272
0.269709
22.18
2283.7
241.8
5.03
0.13
1.0
0.266
0.216634
22.21
2285.9
241.9
5.08
0.16
1.0
0.255
0.176941
22.27
2288.4
242.1
5.14
0.2
1.0
0.232
0.120752
22.26
2290.3
241.8
5.08
0.12
1.0
0.216
0.113537
22.34
2293.2
242.4
5.07
0.08
1.0
0.204
0.111083
22.43
2296.1
243.1
5.05
0.04
1.0
0.18
0.0290267
22.44
2298.3
243.0
5.18
0.14
1.0
0.141
0.052319
22.31
2299.0
241.6
5.19
0.14
1.0
0.113
-0.0780953
22.34
2301.4
241.7
5.06
-0.02
1.0
0.086
-0.069622
22.43
2304.5
242.5
5.0
-0.09
1.0
0.052
-0.0700009
22.37
2306.1
241.9
5.07
-0.05
1.0
0.033
-0.131565
22.48
2309.3
242.9
5.17
0.04
1.0
-0.014
-0.230026
22.39
2310.6
242.0
5.02
-0.13
1.0
-0.045
-0.227484
22.47
2313.7
242.8
5.05
-0.11
1.0
-0.089
-0.210488
22.33
2314.6
241.5
5.08
-0.08
1.0
-0.097
-0.249611
22.51
2318.8
243.4
4.99
-0.18
1.0
-0.13
-0.323707
22.5
2321.0
243.4
5.11
-0.06
1.0
-0.172
-0.266971
22.34
2321.9
242.0
5.01
-0.16
1.0
-0.193
-0.293603
22.32
2324.0
241.9
4.99
-0.18
1.0
-0.2
-0.292323
22.42
2327.5
243.1
4.99
-0.18
1.0
-0.214
-0.304333
22.43
2330.0
243.4
4.99
-0.16
1.0
-0.239
-0.351762
22.34
2331.7
242.8
4.94
-0.2
1.0
-0.257
-0.354155
22.33
2334.0
243.0
4.97
-0.15
1.0
-0.27
-0.342724
22.33
2336.5
243.2
4.91
-0.2
1.0
-0.28
-0.256475
22.23
2338.1
242.5
5.03
-0.05
1.0
-0.288
-0.29165
22.12
2339.4
241.7
4.84
-0.22
1.0
-0.279
-0.268501
22.18
2342.5
242.5
5.02
-0.03
1.0
-0.267
-0.198223
22.18
2345.0
242.9
4.97
-0.05
1.0
-0.255
-0.156496
22.11
2346.8
242.4
4.89
-0.11
1.0
-0.241
-0.119473
22.01
2348.2
241.6
4.83
-0.14
1.0
-0.202
-0.105301
22.16
2352.1
243.4
4.8
-0.14
1.0
-0.176
-0.042778
22.15
2354.4
243.4
4.89
-0.04
1.0
-0.164
0.0146966
21.94
2354.7
241.5
4.88
-0.02
1.0
-0.126
-0.00532762
22.03
2357.9
242.5
4.91
0.03
1.0
-0.107
0.0419098
21.94
2359.4
241.8
4.79
-0.07
1.0
-0.065
0.157292
21.98
2362.1
242.3
4.9
0.06
1.0
-0.018
0.15366
22.06
2365.1
243.1
4.81
-0.02
1.0
0.015
0.146635
22.07
2367.4
243.2
4.87
0.05
1.0
0.041
0.254834
21.98
2368.7
242.3
4.98
0.17
1.0
0.076
0.23906
21.97
2370.8
242.2
4.89
0.09
1.0
0.117
0.278157
22.07
2373.8
243.0
4.94
0.14
1.0
0.149
0.310901
22.07
2375.9
242.9
4.95
0.15
1.0
0.174
0.279144
22.06
2377.9
242.7
5.0
0.2
1.0
0.195
0.372854
22.02
2379.4
242.0
4.94
0.13
1.0
0.232
0.31372
22.15
2382.7
243.1
5.01
0.19
1.0
0.253
0.335045
22.2
2385.3
243.4
5.05
0.22
1.0
0.257
0.317499
22.12
2386.4
242.3
4.95
0.11
1.0
0.255
0.275341
22.06
2387.7
241.5
4.92
0.07
1.0
0.281
0.343319
22.26
2391.7
243.2
5.07
0.2
1.0
0.279
0.33248
22.15
2392.6
241.9
5.1
0.21
1.0
0.289
0.265991
22.26
2395.6
242.7
5.15
0.23
1.0
0.278
0.279835
22.2
2396.9
241.8
5.17
0.23
1.0
0.283
0.23241
22.34
2400.2
242.9
4.99
0.02
1.0
0.276
0.195313
22.42
2403.0
243.4
5.18
0.18
1.0
0.251
0.127607
22.38
2404.5
242.7
5.02
-0.0
1.0
0.232
0.133949
22.42
2407.0
242.9
5.09
0.04
1.0
0.204
0.0507048
22.41
2408.9
242.6
5.04
-0.03
1.0
0.177
-0.022428
22.5
2411.8
243.3
5.11
0.01
1.0
0.119
-0.0830968
22.34
2412.4
241.6
5.02
-0.09
1.0
0.101
-0.054892
22.52
2416.3
243.2
5.2
0.06
1.0
0.057
-0.0857378
22.38
2417.1
241.8
5.2
0.04
1.0
0.026
-0.182628
22.44
2419.9
242.3
5.12
-0.05
1.0
-0.02
-0.184636
22.36
2421.3
241.5
5.07
-0.11
1.0
-0.034
-0.178267
22.52
2425.2
243.2
5.08
-0.11
1.0
-0.068
-0.283144
22.52
2427.5
243.2
5.07
-0.12
1.0
-0.109
-0.245986
22.44
2429.0
242.5
5.03
-0.17
1.0
-0.142
-0.305007
22.4
2430.9
242.2
5.08
-0.12
1.0
-0.161
-0.2925
22.48
2434.1
243.1
5.01
-0.18
1.0
-0.186
-0.286006
22.42
2436.0
242.8
5.01
-0.18
1.0
-0.216
-0.382986
22.37
2438.0
242.5
4.93
-0.25
1.0
-0.232
-0.325208
22.44
2441.1
243.4
5.07
-0.1
1.0
-0.263
-0.351912
22.27
2441.9
242.0
5.02
-0.14
1.0
-0.268
-0.329698
22.35
2445.2
243.0
4.94
-0.2
1.0
-0.276
-0.261808
22.28
2447.0
242.6
4.91
-0.21
1.0
-0.275
-0.331346
22.3
2449.7
243.0
4.93
-0.17
1.0
-0.281
-0.245978
22.22
2451.4
242.6
4.98
-0.1
1.0
-0.273
-0.243018
22.2
2453.7
242.7
4.99
-0.06
1.0
-0.269
-0.243249
22.15
2455.7
242.5
4.94
-0.09
1.0
-0.26
-0.191458
22.12
2457.9
242.4
4.91
-0.09
1.0
-0.241
-0.0979794
22.08
2459.9
242.2
4.94
-0.03
1.0
-0.209
-0.0757242
22.1
2462.6
242.7
4.81
-0.14
1.0
-0.184
-0.0574578
22.08
2464.7
242.6
4.89
-0.03
1.0
-0.149
0.0140056
22.11
2467.5
243.1
4.96
0.06
1.0
-0.126
0.0792009
21.96
2468.2
241.7
4.94
0.06
1.0
-0.084
0.0315719
22.05
2471.5
242.8
4.85
-0.01
1.0
-0.06
0.106364
22.0
2473.3
242.4
4.88
0.04
1.0
-0.035
0.107698
21.95
2475.0
241.9
4.94
0.12
1.0
0.015
0.226321
22.09
2478.6
243.3
4.91
0.1
1.0
0.047
0.208856
22.03
2480.2
242.7
4.86
0.06
1.0
0.085
0.233225
22.1
2483.0
243.3
4.89
0.09
1.0
0.099
0.24732
21.95
2483.7
241.7
4.84
0.05
1.0
0.139
0.27633
22.09
2487.1
243.0
4.98
0.19
1.0
0.153
0.309203
21.96
2487.9
241.5
4.84
0.05
1.0
0.184
0.281726
22.04
2490.7
242.2
5.02
0.23
1.0
0.213
0.334684
22.13
2493.6
242.9
4.92
0.12
1.0
0.234
0.347509
22.13
2495.6
242.6
4.86
0.05
1.0
0.253
0.28414
22.2
2498.2
243.1
4.96
0.14
1.0
0.247
0.292616
22.08
2499.1
241.7
4.93
0.09
1.0
0.262
0.335819
22.15
2501.7
242.1
5.08
0.23
1.0
0.268
0.249031
22.19
2504.1
242.2
5.1
0.23
1.0
0.27
0.240548
22.29
2507.0
242.9
4.95
0.05
1.0
0.267
0.273291
22.29
2509.0
242.7
4.97
0.06
1.0
0.246
0.168509
22.2
2510.0
241.5
5.06
0.12
1.0
0.238
0.186643
22.28
2512.8
242.1
5.14
0.18
1.0
0.235
0.113895
22.44
2516.4
243.4
5.14
0.15
1.0
0.209
0.0770464
22.43
2518.4
243.2
5.15
0.14
1.0
0.17
0.084212
22.29
2519.0
241.5
5.18
0.14
1.0
0.154
0.0479665
22.34
2521.6
241.9
5.16
0.11
1.0
0.137
-0.00252101
22.44
2524.6
242.7
5.13
0.05
1.0
0.102
-0.111168
22.45
2526.8
242.7
5.18
0.08
1.0
0.066
-0.105896
22.47
2529.3
242.9
5.06
-0.06
1.0
0.022
-0.112357
22.35
2530.2
241.5
5.16
0.03
1.0
0.003
-0.155823
22.46
2533.5
242.6
5.13
-0.02
1.0
-0.029
-0.225156
22.48
2536.1
242.9
5.13
-0.03
1.0
-0.066
-0.223792
22.45
2538.0
242.7
5.13
-0.03
1.0
-0.102
-0.232212
22.37
2539.5
241.9
5.1
-0.07
1.0
-0.136
-0.290697
22.32
2541.4
241.5
5.11
-0.07
1.0
-0.167
-0.324833
22.32
2543.8
241.7
4.99
-0.19
1.0
-0.196
-0.35363
22.34
2546.4
242.0
5.04
-0.13
1.0
-0.219
-0.300868
22.33
2548.8
242.2
5.05
-0.12
1.0
-0.234
-0.362683
22.36
2551.5
242.7
5.04
-0.11
1.0
-0.26
-0.349258
22.29
2553.3
242.3
5.01
-0.13
1.0
-0.263
-0.296945
22.36
2556.4
243.2
5.03
-0.09
1.0
-0.289
-0.349614
22.16
2557.0
241.5
5.01
-0.09
1.0
-0.276
-0.268297
22.32
2561.1
243.3
4.99
-0.1
1.0
-0.274
-0.273237
22.28
2563.2
243.3
4.83
-0.23
1.0
-0.276
-0.221019
22.17
2564.6
242.4
5.0
-0.04
1.0
-0.27
-0.195188
22.08
2566.2
241.8
4.83
-0.19
1.0
-0.236
-0.118679
22.19
2569.8
243.2
4.83
-0.16
1.0
-0.221
-0.171427
22.15
2571.8
243.0
4.81
-0.16
1.0
-0.212
-0.0440557
22.0
2572.7
241.6
4.95
0.0
1.0
-0.177
-0.0401578
22.04
2575.5
242.3
4.94
0.02
1.0
-0.142
0.0409228
22.06
2578.0
242.6
4.76
-0.13
1.0
-0.119
0.0143082
21.97
2579.5
241.8
4.9
0.02
1.0
-0.093
0.0418918
21.96
2581.7
241.9
4.92
0.06
1.0
-0.059
0.13771
21.97
2584.1
242.1
4.89
0.05
1.0
-0.01
0.183916
22.06
2587.3
243.0
4.85
0.03
1.0
0.029
0.205497
22.08
2589.6
243.2
4.91
0.1
1.0
0.052
0.243703
21.94
2590.4
241.8
4.89
0.08
1.0
0.087
0.286459
21.93
2592.4
241.5
4.87
0.07
1.0
0.126
0.288587
21.99
2595.1
242.0
4.89
0.1
1.0
0.162
0.311512
22.06
2597.8
242.6
4.91
0.12
1.0
0.19
0.26402
22.13
2600.6
243.1
4.94
0.14
1.0
0.196
0.296053
22.03
2601.6
241.9
4.94
0.14
1.0
0.215
0.303239
22.07
2603.9
242.1
4.99
0.18
1.0
0.23
0.280629
22.11
2606.4
242.3
4.98
0.17
1.0
0.252
0.307706
22.24
2609.6
243.3
4.89
0.06
1.0
0.251
0.320185
22.12
2610.4
241.9
4.93
0.09
1.0
0.26
0.293999
22.15
2612.7
242.0
4.96
0.1
1.0
0.26
0.243427
22.17
2614.9
241.9
4.94
0.07
1.0
0.273
0.28921
22.32
2618.3
243.1
5.03
0.14
1.0
0.259
0.186322
22.27
2619.8
242.4
5.08
0.17
1.0
0.254
0.192228
22.37
2622.7
243.1
5.01
0.07
1.0
0.228
0.131313
22.29
2623.9
242.1
5.01
0.05
1.0
0.207
0.113205
22.3
2626.0
241.9
5.14
0.16
1.0
0.186
0.056729
22.34
2628.5
242.2
5.06
0.06
1.0
0.165
0.0152546
22.43
2631.4
242.8
5.08
0.06
1.0
0.137
0.0340278
22.41
2633.3
242.4
5.03
-0.01
1.0
0.109
-0.0858206
22.43
2635.7
242.6
5.01
-0.05
1.0
0.066
-0.0427619
22.33
2636.8
241.5
5.12
0.04
1.0
0.057
-0.102065
22.51
2640.8
243.2
5.01
-0.08
1.0
0.011
-0.16323
22.38
2641.7
241.9
5.0
-0.11
1.0
-0.025
-0.230027
22.41
2644.3
242.2
4.99
-0.13
1.0
-0.056
-0.248086
22.48
2647.2
243.0
5.02
-0.11
1.0
-0.097
-0.2065
22.37
2648.4
241.9
5.01
-0.12
1.0
-0.121
-0.234151
22.34
2650.5
241.8
4.95
-0.2
1.0
-0.142
-0.247825
22.35
2653.0
242.0
4.96
-0.18
1.0
-0.169
-0.290679
22.31
2654.9
241.6
5.07
-0.07
1.0
-0.19
-0.313442
22.34
2657.6
242.1
4.95
-0.2
1.0
-0.213
-0.371278
22.37
2660.4
242.6
5.03
-0.11
1.0
-0.232
-0.339609
22.41
2663.2
243.3
5.05
-0.08
1.0
-0.262
-0.310044
22.24
2664.0
241.8
4.97
-0.14
1.0
-0.255
-0.277993
22.34
2667.5
243.1
4.87
-0.23
1.0
-0.258
-0.250734
22.29
2669.5
242.9
4.98
-0.1
1.0
-0.252
-0.24055
22.29
2672.0
243.2
5.0
-0.06
1.0
-0.267
-0.276569
22.12
2672.8
241.7
4.91
-0.14
1.0
-0.247
-0.190055
22.24
2676.5
243.2
4.98
-0.05
1.0
-0.238
-0.220259
22.22
2678.7
243.2
4.9
-0.11
1.0
-0.241
-0.159358
22.06
2679.6
241.8
4.84
-0.14
1.0
-0.214
-0.133071
22.15
2682.9
242.9
4.81
-0.15
1.0
-0.201
-0.0592213
22.04
2684.2
242.0
4.87
-0.06
1.0
-0.172
-0.0826718
22.08
2687.0
242.7
4.81
-0.11
