4.93
-0.07
2.0
-0.007
0.0
22.15
36.7
241.7
5.07
0.07
2.0
0.013
0.0351535
22.31
40.6
243.4
5.09
0.09
2.0
-0.003
-0.0272042
22.18
41.5
242.1
4.94
-0.06
2.0
-0.006
0.00641504
22.16
43.5
241.8
4.96
-0.04
2.0
0.017
0.0510214
22.32
47.3
243.4
5.01
0.01
2.0
0.019
0.0497172
22.27
49.0
242.9
4.94
-0.06
2.0
0.014
0.0566394
22.15
50.0
241.7
5.1
0.1
2.0
0.022
0.0392115
22.19
52.6
242.0
5.1
0.1
2.0
0.011
-0.0376138
22.15
54.4
241.7
5.09
0.09
2.0
0.024
0.0218726
22.31
58.2
243.2
5.04
0.04
2.0
0.021
0.00459311
22.29
60.3
243.0
5.1
0.09
2.0
0.005
-0.011561
22.18
61.3
241.9
4.92
-0.08
2.0
0.009
0.0200861
22.21
63.9
242.2
5.06
0.06
2.0
0.013
0.0251431
22.23
66.3
242.4
4.96
-0.04
2.0
0.005
-0.00500836
22.17
67.9
241.8
4.9
-0.1
2.0
0.012
-0.0204964
22.3
71.4
243.0
4.92
-0.08
2.0
0.009
-0.0187708
22.31
73.7
243.2
5.03
0.02
2.0
0.005
-0.0404405
22.34
76.2
243.4
5.07
0.07
2.0
-0.01
0.0264634
22.16
76.7
241.7
5.0
-0.01
2.0
0.002
0.0189914
22.24
79.7
242.4
5.06
0.05
2.0
-0.004
0.0114047
22.16
81.2
241.7
4.97
-0.03
2.0
-0.009
-0.0323963
22.15
83.2
241.6
4.94
-0.06
2.0
-0.01
-0.0504531
22.22
86.2
242.3
5.03
0.03
2.0
-0.012
-0.014019
22.23
88.5
242.4
4.97
-0.03
2.0
0.001
0.0204999
22.32
91.6
243.3
5.04
0.04
2.0
0.002
0.0232761
22.28
93.4
242.9
4.99
-0.01
2.0
-0.003
-0.0539101
22.28
95.7
242.9
4.98
-0.02
2.0
-0.009
0.00862262
22.22
97.4
242.4
4.93
-0.07
2.0
-0.002
0.0209091
22.25
99.8
242.6
4.95
-0.05
2.0
0.009
0.0335676
22.29
102.5
243.1
5.05
0.05
2.0
0.004
-0.0493473
22.3
104.8
243.1
4.95
-0.04
2.0
0.008
0.0285599
22.32
107.2
243.3
5.06
0.07
2.0
-0.002
-0.0121476
22.22
108.4
242.3
4.92
-0.08
2.0
-0.008
0.00445437
22.16
110.1
241.8
5.09
0.09
2.0
-0.003
0.0230093
22.18
112.5
241.9
5.05
0.06
2.0
0.017
0.0293899
22.33
116.2
243.4
4.91
-0.08
2.0
0.001
-0.0175815
22.19
117.1
242.0
5.04
0.05
2.0
-0.009
-0.0498951
22.18
119.1
241.9
4.98
-0.01
2.0
0.006
0.0350008
22.3
122.6
243.1
5.02
0.03
2.0
0.012
0.0414616
22.29
124.7
243.0
4.91
-0.08
2.0
0.005
0.0497151
22.15
125.5
241.6
4.93
-0.06
2.0
0.02
0.0346008
22.26
128.8
242.6
4.89
-0.1
2.0
0.025
0.0348671
22.28
131.2
242.8
4.89
-0.1
2.0
0.022
0.0370464
22.22
132.8
242.2
4.96
-0.02
2.0
0.02
0.0356211
22.19
134.7
241.9
4.97
-0.01
2.0
0.026
0.0421791
22.23
137.3
242.3
4.98
-0.01
2.0
0.031
0.0376149
22.27
139.9
242.6
5.04
0.05
2.0
0.042
0.0525725
22.35
142.9
243.4
5.06
0.08
2.0
0.033
0.0443237
22.23
144.0
242.2
5.04
0.06
2.0
0.046
0.0801755
22.3
146.8
242.9
5.02
0.04
2.0
0.058
0.0946714
22.35
149.5
243.3
4.88
-0.1
2.0
0.067
0.111358
22.34
151.6
243.2
5.02
0.05
2.0
0.066
0.143181
22.2
152.3
241.7
5.01
0.04
2.0
0.082
0.139826
22.25
155.0
242.1
4.97
0.0
2.0
0.101
0.153063
22.34
158.0
242.9
5.04
0.07
2.0
0.118
0.20492
22.35
160.2
242.9
5.0
0.03
2.0
0.13
0.201346
22.32
162.0
242.5
5.06
0.1
2.0
0.139
0.165547
22.33
164.2
242.5
5.05
0.08
2.0
0.143
0.150458
22.35
166.5
242.5
4.9
-0.07
2.0
0.149
0.136692
22.43
169.4
243.2
5.06
0.09
2.0
0.141
0.13845
22.37
170.9
242.4
5.06
0.09
2.0
0.135
0.158252
22.29
172.2
241.5
5.09
0.11
2.0
0.142
0.138813
22.37
175.1
242.2
4.98
0.0
2.0
0.134
0.0872463
22.38
177.3
242.1
4.99
0.0
2.0
0.119
0.0810968
22.34
179.0
241.5
5.02
0.03
2.0
0.119
0.0331353
22.49
182.6
242.9
4.94
-0.06
2.0
0.098
-0.0498609
22.55
185.3
243.4
5.06
0.06
2.0
0.055
-0.0877318
22.41
186.2
242.0
4.95
-0.05
2.0
0.029
-0.0532106
22.38
188.0
241.6
5.07
0.05
2.0
0.006
-0.0991464
22.37
190.1
241.5
5.1
0.08
2.0
-0.007
-0.125029
22.47
193.4
242.5
4.97
-0.06
2.0
-0.041
-0.176119
22.4
195.0
241.8
4.96
-0.07
2.0
-0.07
-0.234108
22.43
197.6
242.2
4.9
-0.13
2.0
-0.103
-0.199988
22.36
199.2
241.5
4.94
-0.1
2.0
-0.122
-0.273265
22.44
202.3
242.5
5.07
0.03
2.0
-0.135
-0.237422
22.52
205.5
243.4
5.05
0.01
2.0
-0.167
-0.251938
22.37
206.4
242.1
5.07
0.03
2.0
-0.195
-0.335891
22.34
208.6
241.9
5.03
-0.02
2.0
-0.204
-0.298308
22.45
212.1
243.2
5.06
0.02
2.0
-0.24
-0.323671
22.26
212.6
241.5
4.87
-0.17
2.0
-0.242
-0.340136
22.4
216.5
243.2
5.01
-0.03
2.0
-0.27
-0.333271
22.25
217.6
242.0
4.96
-0.07
2.0
-0.279
-0.29567
22.22
219.7
241.9
4.98
-0.04
2.0
-0.267
-0.28131
22.34
223.4
243.4
4.96
-0.05
2.0
-0.268
-0.246744
22.27
225.2
243.0
4.95
-0.05
2.0
-0.267
-0.24441
22.2
227.0
242.6
4.88
-0.11
2.0
-0.27
-0.256253
22.13
228.8
242.1
4.91
-0.07
2.0
-0.248
-0.192943
22.22
232.2
243.3
4.83
-0.13
2.0
-0.241
-0.123486
22.06
233.1
242.0
4.89
-0.06
2.0
-0.221
-0.15416
22.09
235.7
242.4
4.85
-0.08
2.0
-0.197
-0.0955549
22.11
238.4
242.9
4.84
-0.08
2.0
-0.177
-0.067382
22.07
240.4
242.7
4.88
-0.03
2.0
-0.152
0.024147
22.0
242.0
242.1
4.83
-0.07
2.0
-0.121
0.0185841
21.99
244.3
242.1
4.95
0.06
2.0
-0.079
0.102195
22.04
247.1
242.8
4.78
-0.09
2.0
-0.052
0.0955468
22.0
248.9
242.4
4.83
-0.03
2.0
-0.013
0.121806
22.08
252.0
243.3
4.83
-0.02
2.0
0.015
0.169418
22.05
253.9
243.0
4.9
0.06
2.0
0.036
0.161557
21.98
255.4
242.2
4.83
0.0
2.0
0.07
0.260547
21.98
257.5
242.2
4.94
0.12
2.0
0.111
0.291301
22.03
260.1
242.5
4.85
0.03
2.0
0.13
0.23434
21.97
261.6
241.8
4.94
0.12
2.0
0.176
0.329911
22.14
265.4
243.4
4.9
0.08
2.0
0.178
0.269121
21.97
265.6
241.5
4.8
-0.01
2.0
0.211
0.289839
22.14
269.4
243.0
4.88
0.07
2.0
0.222
0.296245
22.11
271.1
242.5
4.86
0.05
2.0
0.237
0.246301
22.21
274.0
243.3
4.91
0.09
2.0
0.241
0.251794
22.23
276.2
243.2
4.95
0.13
2.0
0.231
0.262069
22.1
276.9
241.7
5.02
0.19
2.0
0.244
0.222495
22.26
280.5
243.0
4.97
0.13
2.0
0.228
0.226589
22.14
281.3
241.6
5.02
0.17
2.0
0.236
0.217174
22.27
284.6
242.7
4.95
0.09
2.0
0.231
0.184784
22.31
287.0
242.9
4.96
0.09
2.0
0.217
0.134075
22.33
289.1
242.8
4.96
0.08
2.0
0.193
0.136593
22.24
290.3
241.8
4.96
0.07
2.0
0.176
0.0447664
22.32
293.1
242.3
4.99
0.08
2.0
0.153
-0.00293808
22.41
296.1
243.0
4.97
0.05
2.0
0.124
-0.0294597
22.43
298.4
243.1
5.06
0.12
2.0
0.092
-0.0512713
22.4
300.2
242.8
5.01
0.07
2.0
0.066
-0.0779493
22.43
302.7
243.0
5.0
0.04
2.0
0.037
-0.1451
22.48
305.4
243.4
5.1
0.12
2.0
-0.002
-0.172273
22.43
307.2
243.0
4.91
-0.08
2.0
-0.045
-0.195604
22.33
308.4
241.9
5.1
0.1
2.0
-0.077
-0.242207
22.34
310.8
242.1
4.98
-0.03
2.0
-0.096
-0.250815
22.46
314.3
243.4
5.04
0.03
2.0
-0.133
-0.278768
22.37
315.8
242.7
4.97
-0.05
2.0
-0.169
-0.295456
22.27
317.2
241.8
5.07
0.05
2.0
-0.188
-0.290935
22.3
319.9
242.3
4.91
-0.12
2.0
-0.213
-0.322107
22.26
321.9
242.0
5.03
-0.01
2.0
-0.231
-0.278583
22.21
323.8
241.8
5.04
0.01
2.0
-0.224
-0.262603
22.33
327.5
243.2
4.91
-0.12
2.0
-0.244
-0.234212
22.13
328.0
241.5
5.08
0.05
2.0
-0.233
-0.260403
22.26
331.7
243.0
4.89
-0.13
2.0
-0.251
-0.267862
22.11
332.7
241.7
4.93
-0.1
2.0
-0.24
-0.256543
22.23
336.3
243.1
5.02
0.01
2.0
-0.247
-0.240591
22.13
337.9
242.5
4.87
-0.14
2.0
-0.256
-0.239666
22.01
339.1
241.5
4.98
-0.02
2.0
-0.247
-0.186542
22.01
341.5
241.6
4.85
-0.14
2.0
-0.227
-0.146789
22.03
344.2
242.2
4.98
-0.01
2.0
-0.211
-0.077941
21.95
345.8
241.6
4.95
-0.03
2.0
-0.18
-0.0611693
22.01
348.7
242.3
4.92
-0.04
2.0
-0.155
-0.00617826
21.96
350.6
242.0
4.87
-0.08
2.0
-0.128
0.00551264
21.94
352.8
242.0
4.86
-0.09
2.0
-0.089
0.0959361
21.98
355.4
242.4
4.91
-0.03
2.0
-0.055
0.101646
21.97
357.7
242.4
4.98
0.06
2.0
-0.029
0.127652
21.92
359.4
241.9
4.84
-0.08
2.0
0.005
0.143334
21.97
362.1
242.5
4.88
-0.03
2.0
0.033
0.198519
21.93
363.9
242.1
4.94
0.03
2.0
0.069
0.265947
21.92
365.9
241.9
5.0
0.11
2.0
0.106
0.272159
21.95
368.3
242.1
5.04
0.15
2.0
0.146
0.254914
22.09
371.8
243.4
5.02
0.12
2.0
0.17
0.291283
22.09
373.8
243.2
4.92
0.03
2.0
0.196
0.34212
22.07
375.6
242.8
4.87
-0.02
2.0
0.204
0.289378
21.97
376.6
241.6
4.92
0.03
2.0
0.231
0.28857
22.12
380.1
242.9
4.99
0.09
2.0
0.235
0.280622
22.08
381.7
242.3
5.07
0.17
2.0
0.247
0.349519
22.05
383.4
241.7
4.97
0.06
2.0
0.266
0.31282
22.14
386.3
242.4
4.91
-0.0
2.0
0.266
0.277689
22.13
388.0
241.9
4.95
0.03
2.0
0.28
0.268437
22.28
391.6
243.3
5.1
0.17
2.0
0.267
0.20144
22.27
393.4
242.9
4.98
0.03
2.0
0.249
0.226125
22.19
394.6
241.8
5.0
0.04
2.0
0.239
0.175241
22.24
397.0
242.0
5.05
0.08
2.0
0.242
0.191612
22.39
400.5
243.3
5.0
0.02
2.0
0.213
0.135059
22.26
401.3
241.8
5.07
0.07
2.0
0.206
0.0891646
22.41
404.8
243.1
5.17
0.16
2.0
0.179
0.0380119
22.43
407.0
243.1
5.11
0.09
2.0
0.137
-0.00907761
22.32
407.9
241.8
5.14
0.1
2.0
0.108
-0.0274001
22.33
410.2
241.8
5.08
0.03
2.0
0.083
-0.0275156
22.35
412.5
241.9
5.1
0.04
2.0
0.068
-0.085332
22.49
416.1
243.2
5.01
-0.07
2.0
0.036
-0.141486
22.51
418.5
243.3
5.06
-0.03
2.0
-0.001
-0.196827
22.51
420.7
243.4
5.08
-0.02
2.0
-0.04
-0.187973
22.43
422.2
242.6
5.18
0.07
2.0
-0.076
-0.258642
22.42
424.4
242.6
5.16
0.04
2.0
-0.112
-0.242524
22.36
426.1
242.1
5.04
-0.08
2.0
-0.135
-0.303051
22.43
429.2
242.9
5.01
-0.11
2.0
-0.164
-0.307001
22.44
431.6
243.1
5.08
-0.05
2.0
-0.201
-0.324823
22.32
432.9
242.1
5.05
-0.08
2.0
-0.209
-0.262788
22.37
435.8
242.8
5.12
-0.02
2.0
-0.232
-0.271933
22.22
436.8
241.6
5.02
-0.11
2.0
-0.247
-0.326225
22.2
439.1
241.6
5.08
-0.05
2.0
-0.256
-0.329188
22.25
442.1
242.4
5.11
-0.01
2.0
-0.259
-0.258757
22.24
444.4
242.5
5.01
-0.11
2.0
-0.263
-0.251916
22.18
446.3
242.1
5.01
-0.1
2.0
-0.264
-0.254545
22.13
448.3
241.9
5.0
-0.1
2.0
-0.254
-0.237607
22.18
451.2
242.6
5.09
-0.01
2.0
-0.235
-0.15456
22.21
454.0
243.2
5.05
-0.03
2.0
-0.229
-0.12376
22.06
454.9
241.9
4.99
-0.09
2.0
-0.214
-0.108706
21.99
456.7
241.5
5.0
-0.06
2.0
-0.176
-0.0482785
22.1
460.2
242.8
4.96
-0.09
2.0
-0.16
-0.0751424
22.05
462.0
242.4
5.08
0.04
2.0
-0.128
0.0508065
22.05
464.4
242.5
4.99
-0.04
2.0
-0.087
0.0825619
22.08
467.0
243.0
5.04
0.03
2.0
-0.058
0.0497839
22.1
469.5
243.3
4.91
-0.09
2.0
-0.032
0.102231
22.08
471.6
243.1
4.96
-0.03
2.0
-0.013
0.130946
21.98
472.8
242.1
5.06
0.08
2.0
0.025
0.193175
22.03
475.5
242.6
4.96
-0.01
2.0
0.055
0.161216
22.07
478.1
243.0
5.07
0.11
2.0
0.078
0.228149
22.02
479.7
242.4
5.0
0.04
2.0
0.105
0.245651
22.01
481.7
242.2
4.92
-0.03
2.0
0.149
0.299664
22.14
485.1
243.4
4.94
-0.01
2.0
0.172
0.310746
22.09
486.6
242.7
5.09
0.15
2.0
0.191
0.255408
22.11
488.8
242.7
5.11
0.16
2.0
0.203
0.30521
22.06
490.3
242.0
4.96
0.02
2.0
0.224
0.282429
22.15
493.2
242.7
4.93
-0.02
2.0
0.242
0.347381
22.15
495.2
242.5
5.01
0.06
2.0
0.251
0.312139
22.12
496.9
241.9
5.09
0.14
2.0
0.265
0.262817
22.24
500.1
242.9
5.04
0.08
2.0
0.267
0.279043
22.26
502.2
242.8
5.06
0.09
2.0
0.255
0.197731
22.24
504.0
242.4
4.97
-0.01
2.0
0.242
0.232663
22.19
505.4
241.6
5.15
0.16
2.0
0.236
0.1388
22.3
508.6
242.5
5.02
0.01
2.0
0.217
0.124377
22.32
510.7
242.4
5.16
0.15
2.0
0.186
0.0755107
22.26
512.2
241.6
5.08
0.05
2.0
0.178
0.0386014
22.45
516.1
243.4
5.03
-0.01
2.0
0.144
0.0639032
22.33
517.0
242.0
5.05
-0.0
2.0
0.128
0.0262408
22.37
519.5
242.3
5.17
0.1
2.0
0.094
-0.035144
22.31
521.0
241.6
5.11
0.03
2.0
0.076
-0.0538803
22.41
524.1
242.4
5.03
-0.06
2.0
0.061
-0.0620544
22.5
527.3
243.3
5.15
0.04
2.0
0.024
-0.0903286
22.38
528.2
242.1
5.15
0.03
2.0
-0.004
-0.131187
22.37
530.3
241.9
5.14
0.01
2.0
-0.03
-0.194053
22.42
533.1
242.5
5.16
0.03
2.0
-0.061
-0.241617
22.46
535.8
242.9
5.09
-0.05
2.0
-0.088
-0.192428
22.44
537.9
242.8
5.15
0.0
2.0
-0.121
-0.28128
22.39
539.8
242.4
5.15
-0.0
2.0
-0.156
-0.322143
22.37
542.0
242.3
5.04
-0.12
2.0
-0.178
-0.240259
22.32
543.9
242.1
5.03
-0.13
2.0
-0.202
-0.320209
22.29
546.0
241.9
5.08
-0.08
2.0
-0.212
-0.263655
22.32
548.8
242.4
4.99
-0.16
2.0
-0.232
-0.299412
22.25
550.4
241.9
5.14
-0.02
2.0
-0.233
-0.277803
22.32
553.7
242.9
5.0
-0.15
2.0
-0.246
-0.290934
22.26
555.6
242.5
5.13
-0.01
2.0
-0.25
-0.226897
22.2
557.4
242.1
5.02
-0.12
2.0
-0.233
-0.200518
22.28
560.6
243.2
5.08
-0.05
2.0
-0.232
-0.251595
22.26
562.9
243.2
5.02
-0.09
2.0
-0.24
-0.166174
22.08
563.5
241.6
5.09
-0.02
2.0
-0.204
-0.104254
22.22
567.4
243.3
4.95
-0.15
2.0
-0.18
-0.0631174
22.2
569.6
243.3
5.12
0.03
2.0
-0.153
-0.0274537
22.19
571.9
243.3
4.95
-0.12
2.0
-0.139
-0.0826515
22.14
573.8
243.0
5.06
-0.0
2.0
-0.128
-0.0471658
22.09
575.6
242.6
4.95
-0.09
2.0
-0.106
0.0478508
22.02
577.3
242.1
4.94
-0.09
2.0
-0.086
0.0304008
21.97
579.1
241.7
4.91
-0.11
2.0
-0.043
0.149057
22.05
582.1
242.5
4.96
-0.05
2.0
-0.005
0.15336
22.08
584.6
242.9
4.94
-0.05
2.0
0.011
0.128239
21.98
585.8
241.9
5.08
0.1
2.0
0.035
0.189892
21.95
587.7
241.5
4.93
-0.05
2.0
0.066
0.177102
22.02
590.5
242.1
5.01
0.04
2.0
0.104
0.223607
22.16
594.0
243.4
4.94
-0.02
2.0
0.126
0.23492
22.14
596.0
243.2
4.93
-0.02
2.0
0.148
0.258824
22.13
598.0
242.9
4.98
0.03
2.0
0.166
0.316878
22.04
599.1
241.9
4.99
0.04
2.0
0.205
0.335137
22.16
602.3
242.9
4.95
-0.01
2.0
0.231
0.342231
22.19
604.6
243.0
4.98
0.02
2.0
0.234
0.263499
22.13
606.0
242.2
5.05
0.1
2.0
0.247
0.25409
22.25
609.2
243.1
4.96
0.0
2.0
0.257
0.313665
22.26
611.3
243.0
5.09
0.13
2.0
0.259
0.289483
22.23
612.9
242.4
5.12
0.15
2.0
0.263
0.217886
22.33
615.9
243.1
5.15
0.16
2.0
0.242
0.213651
22.21
616.7
241.7
4.96
-0.03
2.0
0.235
0.1514
22.31
619.6
242.4
5.08
0.08
2.0
0.224
0.136912
22.39
622.4
243.0
5.13
0.12
2.0
0.205
0.0969494
22.41
624.7
243.0
5.05
0.02
2.0
0.192
0.123019
22.44
627.0
243.1
5.01
-0.02
2.0
0.165
0.0738402
22.37
628.3
242.2
5.05
0.0
2.0
0.146
-0.0402972
22.5
631.8
243.4
5.16
0.1
2.0
0.118
0.000835133
22.49
633.8
243.2
5.04
-0.03
2.0
0.067
-0.112147
22.34
634.4
241.5
5.1
0.02
2.0
0.05
-0.0952051
22.48
638.0
242.9
5.0
-0.09
2.0
0.019
-0.130777
22.47
640.1
242.8
5.0
-0.1
2.0
-0.015
-0.127992
22.39
641.6
242.0
5.06
-0.06
2.0
-0.042
-0.155325
22.36
643.5
241.7
5.02
-0.1
2.0
-0.06
-0.241349
22.5
647.3
243.2
5.07
-0.06
2.0
-0.097
-0.272865
22.48
649.4
243.1
5.06
-0.07
2.0
-0.123
-0.260361
22.5
651.9
243.3
5.13
-0.01
2.0
-0.155
-0.283325
22.43
653.6
242.8
4.99
-0.15
2.0
-0.177
-0.327258
22.47
656.4
243.4
5.08
-0.06
2.0
-0.213
-0.287785
22.29
657.1
241.8
5.05
-0.09
2.0
-0.229
-0.344845
22.34
660.0
242.4
5.1
-0.04
2.0
-0.242
-0.272491
22.31
662.1
242.4
5.0
-0.13
2.0
-0.241
-0.252925
22.32
664.7
242.7
5.02
-0.11
2.0
-0.254
-0.232656
22.16
665.7
241.5
4.99
-0.13
2.0
-0.241
-0.233983
22.26
669.1
242.6
5.11
-0.0
2.0
-0.236
-0.268449
22.31
672.1
243.4
5.01
-0.09
2.0
-0.249
-0.235047
22.16
673.0
242.1
5.03
-0.06
2.0
-0.226
-0.163036
22.26
676.5
243.4
5.0
-0.08
2.0
-0.216
-0.179729
22.23
678.6
243.3
5.0
-0.07
2.0
-0.206
-0.0823694
22.11
679.8
242.3
4.93
-0.12
2.0
-0.182
-0.0842495
22.11
682.3
242.6
4.94
-0.1
2.0
-0.163
-0.0106044
22.02
683.7
241.7
4.97
-0.06
2.0
-0.118
0.00820598
22.17
687.6
243.4
4.99
-0.03
2.0
-0.101
0.0445089
22.05
688.7
242.3
4.92
-0.08
2.0
-0.085
0.0219265
21.97
690.2
241.6
5.05
0.06
2.0
-0.043
0.104362
22.1
693.8
243.0
4.9
-0.07
2.0
-0.021
0.156011
21.98
694.8
241.8
5.0
0.04
2.0
0.013
0.144117
22.03
697.5
242.4
4.92
-0.04
2.0
0.047
0.191818
22.08
700.2
242.8
4.92
-0.03
2.0
0.063
0.186109
21.99
701.4
241.8
5.05
0.11
2.0
0.088
0.197962
22.02
703.9
242.1
4.97
0.03
2.0
0.105
0.222923
21.97
705.5
241.5
5.04
0.11
2.0
0.139
0.300688
22.03
708.1
241.9
5.05
0.13
2.0
0.158
0.242777
22.03
710.2
241.8
5.0
0.09
2.0
0.173
0.265399
22.02
712.1
241.5
4.93
0.02
2.0
0.204
0.274717
22.19
715.9
243.0
4.89
-0.02
2.0
0.203
0.276827
22.06
716.5
241.5
4.93
0.02
2.0
0.23
0.252306
22.27
720.6
243.4
5.04
0.11
2.0
0.216
0.229425
22.12
721.1
241.6
4.94
0.01
2.0
0.219
0.219947
22.16
723.6
241.9
4.99
0.06
2.0
0.234
0.246573
22.31
727.0
243.1
5.11
0.16
2.0
0.226
0.207822
22.27
728.6
242.4
4.95
0.0
2.0
0.222
0.184724
22.3
731.0
242.6
5.06
0.1
2.0
0.214
0.115629
22.39
733.9
243.3
5.03
0.06
2.0
0.178
0.0627313
22.28
734.8
242.0
5.03
0.05
2.0
0.169
0.101987
22.37
737.7
242.6
5.0
0.01
2.0
0.14
0.0459971
22.28
739.0
241.6
5.06
0.05
2.0
0.129
0.0485475
22.36
741.8
242.2
5.14
0.12
2.0
0.102
-0.0736831
22.41
744.4
242.6
4.98
-0.05
2.0
0.062
-0.0742214
22.32
745.7
241.7
5.11
0.07
2.0
0.033
-0.0941925
22.31
747.8
241.6
5.1
0.04
2.0
0.016
-0.100474
22.4
750.9
242.4
5.01
-0.06
2.0
-0.021
-0.16495
22.32
752.3
241.6
5.05
-0.02
2.0
-0.044
-0.222185
22.43
755.7
242.7
5.03
-0.06
2.0
-0.063
-0.1737
22.49
758.6
243.3
5.14
0.05
2.0
-0.098
-0.216629
22.37
759.8
242.3
5.15
0.05
2.0
-0.117
-0.237906
22.41
762.5
242.8
5.09
-0.02
2.0
-0.14
-0.296878
22.46
765.4
243.4
5.0
-0.11
2.0
-0.17
-0.287447
22.4
767.1
242.9
5.06
-0.05
2.0
-0.201
-0.306625
22.3
768.6
242.2
5.11
0.0
2.0
-0.205
-0.241072
22.35
771.6
242.9
5.01
-0.1
2.0
-0.218
-0.250825
22.27
773.1
242.2
5.1
-0.01
2.0
-0.228
-0.240654
22.2
774.9
241.8
4.99
-0.12
2.0
-0.225
-0.213259
22.21
777.5
242.2
4.96
-0.14
2.0
-0.228
-0.251046
22.2
779.8
242.2
5.01
-0.08
2.0
-0.217
-0.199351
22.26
782.9
243.1
4.94
-0.14
2.0
-0.222
-0.149789
22.09
783.6
241.6
5.07
-0.0
2.0
-0.209
-0.149768
22.09
786.0
241.8
4.93
-0.13
2.0
-0.2
-0.149142
22.07
788.2
241.8
5.01
-0.05
2.0
-0.192
-0.14486
22.05
790.4
241.8
5.05
0.01
2.0
-0.173
-0.0867191
22.08
793.1
242.2
4.95
-0.08
2.0
-0.158
-0.0888896
22.07
795.4
242.4
5.05
0.04
2.0
-0.132
-0.049898
22.15
798.6
243.3
4.89
-0.11
2.0
-0.11
0.0219859
22.1
800.4
242.9
5.05
0.06
2.0
-0.078
0.0848362
22.09
802.6
242.9
4.96
-0.01
2.0
-0.055
0.113316
21.98
803.8
241.9
4.97
0.0
2.0
-0.032
0.0878036
21.95
805.7
241.6
4.87
-0.08
2.0
0.011
0.155111
22.1
809.4
243.1
4.96
0.02
2.0
0.042
0.172515
22.11
811.7
243.2
4.96
0.02
2.0
0.058
0.207888
21.98
812.6
241.9
4.91
-0.02
2.0
0.079
0.191874
21.96
814.5
241.6
4.88
-0.04
2.0
0.109
0.274785
21.98
816.7
241.6
5.0
0.09
2.0
0.14
0.254589
22.05
819.5
242.2
4.91
-0.0
2.0
0.164
0.3132
22.02
821.3
241.8
5.03
0.12
2.0
0.18
0.250218
22.02
823.3
241.6
4.91
0.0
2.0
0.207
0.27088
22.17
826.8
242.9
4.94
0.03
2.0
0.225
0.284369
22.23
829.4
243.3
5.06
0.15
2.0
0.219
0.268209
22.08
830.0
241.6
5.03
0.11
2.0
0.24
0.252137
22.26
833.7
243.1
5.05
0.13
2.0
0.228
0.23629
22.14
834.5
241.7
4.92
-0.01
2.0
0.241
0.218388
22.31
838.2
243.2
4.94
0.01
2.0
0.236
0.252706
22.27
839.8
242.5
4.94
-0.0
2.0
0.225
0.170473
22.25
841.6
242.1
4.94
-0.02
2.0
0.217
0.105177
22.38
844.9
243.2
5.03
0.06
2.0
0.185
0.0816968
22.29
846.1
242.1
5.07
0.09
2.0
0.165
0.0695483
22.31
848.3
242.1
5.06
0.07
2.0
0.136
0.0140993
22.29
850.1
241.7
5.06
0.05
2.0
0.123
-0.0383703
22.46
854.0
243.4
5.03
0.01
2.0
0.086
-0.0595343
22.4
855.5
242.6
5.02
-0.01
2.0
0.051
-0.0875723
22.35
857.2
242.1
5.02
-0.02
2.0
0.028
-0.0797883
22.37
859.6
242.2
5.01
-0.05
2.0
-0.01
-0.168407
22.3
861.1
241.5
5.1
0.03
2.0
-0.024
-0.179953
22.48
865.1
243.3
5.12
0.05
2.0
-0.05
-0.148653
22.43
867.0
242.9
5.15
0.07
2.0
-0.076
-0.203283
22.41
869.0
242.7
5.12
0.02
2.0
-0.092
-0.194164
22.45
871.8
243.2
5.02
-0.08
2.0
-0.126
-0.300649
22.41
873.7
242.9
5.07
-0.04
2.0
-0.165
-0.260302
22.26
874.6
241.6
4.97
-0.14
2.0
-0.179
-0.265223
22.29
877.3
242.0
5.11
0.0
2.0
-0.186
-0.286327
22.4
880.9
243.3
5.09
-0.02
2.0
-0.21
-0.279064
22.29
882.2
242.5
4.97
-0.14
2.0
-0.224
-0.317327
22.31
884.8
242.9
5.04
-0.07
2.0
-0.225
-0.231942
22.33
887.4
243.3
5.14
0.03
2.0
-0.238
-0.244733
22.19
888.5
242.1
5.04
-0.06
2.0
-0.232
-0.225724
22.23
891.4
242.8
5.11
0.01
2.0
-0.233
-0.241891
22.2
893.6
242.7
5.07
-0.01
2.0
-0.226
-0.202291
22.21
896.1
243.1
4.95
-0.13
2.0
-0.221
-0.185451
22.17
898.2
242.9
5.09
0.02
2.0
-0.216
-0.123692
22.06
899.4
241.9
4.97
-0.08
2.0
-0.185
-0.0620266
22.11
902.4
242.7
5.06
0.02
2.0
-0.162
-0.0805228
22.13
904.9
243.0
4.95
-0.08
2.0
-0.139
-0.0330203
22.13
907.3
243.2
4.95
-0.08
2.0
-0.127
-0.0050366
22.0
908.3
242.0
5.01
-0.0
2.0
-0.109
0.0150399
21.93
910.0
241.5
4.99
-0.01
2.0
-0.079
0.0647983
21.96
912.6
241.9
4.88
-0.11
2.0
-0.037
0.135547
22.04
915.6
242.7
5.03
0.05
2.0
-0.003
0.173349
22.01
917.6
242.4
4.97
0.0
2.0
0.034
0.167587
22.08
920.4
243.1
4.97
0.01
2.0
0.048
0.170629
21.97
921.5
241.9
4.96
0.01
2.0
0.075
0.23134
21.95
923.4
241.7
4.96
0.01
2.0
0.122
0.2999
22.08
926.8
242.9
5.04
0.09
2.0
0.147
0.245609
22.09
929.0
242.8
5.08
0.14
2.0
0.17
0.279157
22.1
931.1
242.8
5.04
0.1
2.0
0.201
0.335278
22.15
933.7
243.1
5.02
0.09
2.0
0.221
0.273388
22.2
936.1
243.4
4.92
-0.02
2.0
0.236
0.339294
22.17
937.9
242.9
5.04
0.1
2.0
0.25
0.34359
22.14
939.5
242.3
5.02
0.08
2.0
0.259
0.327031
22.1
941.0
241.6
4.99
0.04
2.0
0.266
0.29634
22.12
943.3
241.6
5.0
0.04
2.0
0.271
0.28288
22.18
945.7
241.9
5.07
0.1
2.0
0.268
0.267259
22.18
947.7
241.6
5.15
0.18
2.0
0.261
0.204501
22.23
950.2
241.9
5.06
0.08
2.0
0.249
0.144127
22.32
953.0
242.5
5.11
0.11
2.0
0.23
0.198357
22.27
954.6
241.8
5.02
0.01
2.0
0.221
0.156135
22.32
957.1
242.1
5.04
0.02
2.0
0.211
0.0893803
22.45
960.4
243.1
5.13
0.1
2.0
0.167
0.0349698
22.3
960.9
241.5
5.12
0.08
2.0
0.136
-0.0449681
22.36
963.6
241.8
5.13
0.07
2.0
0.102
-0.0457271
22.37
965.8
241.8
5.01
-0.06
2.0
0.087
-0.0416937
22.49
969.2
243.0
5.09
0.01
2.0
0.041
-0.150448
22.4
970.5
242.0
5.14
0.04
2.0
0.011
-0.1689
22.47
973.4
242.7
5.01
-0.09
2.0
-0.025
-0.138749
22.39
974.8
241.9
5.01
-0.1
2.0
-0.061
-0.229439
22.36
976.8
241.6
5.1
-0.02
2.0
-0.096
-0.249997
22.35
979.0
241.6
5.04
-0.08
2.0
-0.115
-0.245159
22.43
982.2
242.5
5.08
-0.05
2.0
-0.144
-0.291333
22.42
984.4
242.5
5.01
-0.13
2.0
-0.157
-0.238968
22.47
987.3
243.2
4.99
-0.14
2.0
-0.187
-0.254095
22.3
988.1
241.7
4.99
-0.15
2.0
-0.191
-0.286604
22.43
991.7
243.1
5.15
0.02
2.0
-0.206
-0.248161
22.37
993.6
242.7
5.1
-0.03
2.0
-0.213
-0.264513
22.37
996.1
243.0
5.0
-0.13
2.0
-0.226
-0.261854
22.3
997.9
242.5
5.08
-0.04
2.0
-0.226
-0.244825
22.33
1000.6
243.0
5.01
-0.11
2.0
-0.233
-0.25072
22.27
1002.4
242.6
5.01
-0.1
2.0
-0.238
-0.183168
22.14
1003.6
241.6
4.92
-0.18
2.0
-0.233
-0.251341
22.18
1006.4
242.2
5.02
-0.07
2.0
-0.226
-0.225029
22.24
1009.5
243.0
4.99
-0.09
2.0
-0.223
-0.158624
22.15
1011.0
242.3
5.06
0.0
2.0
-0.209
-0.143753
22.14
1013.4
242.5
5.06
0.01
2.0
-0.2
-0.101737
22.04
1014.8
241.7
5.05
0.01
2.0
-0.179
-0.0438235
22.0
1016.8
241.5
4.92
-0.1
2.0
-0.152
-0.0199818
22.0
1019.2
241.7
5.01
0.0
2.0
-0.127
0.0054211
21.99
1021.3
241.6
4.9
-0.1
2.0
-0.093
0.0282808
22.06
1024.4
242.5
4.94
-0.05
2.0
-0.074
0.0887903
21.96
1025.7
241.5
4.95
-0.02
2.0
-0.019
0.160639
22.14
1029.7
243.4
4.89
-0.07
2.0
0.02
0.194935
22.14
1032.0
243.4
4.98
0.04
2.0
0.055
0.230718
22.11
1033.8
243.1
5.04
0.1
2.0
0.087
0.263462
22.08
1035.6
242.6
4.97
0.05
2.0
0.12
0.279667
22.07
1037.7
242.5
4.9
-0.02
2.0
0.145
0.308554
22.01
1039.1
241.8
4.94
0.03
2.0
0.178
0.233766
22.17
1042.7
243.2
4.85
-0.06
2.0
0.199
0.321323
22.17
1044.8
243.0
4.94
0.04
2.0
0.221
0.317011
22.18
1046.9
242.9
5.05
0.15
2.0
0.234
0.303877
22.17
1048.8
242.6
4.93
0.02
2.0
0.252
0.331196
22.2
1051.1
242.7
4.91
0.0
2.0
0.255
0.242892
22.23
1053.3
242.7
4.93
0.01
2.0
0.253
0.288478
22.19
1054.9
242.0
5.05
0.13
2.0
0.257
0.229914
22.27
1057.7
242.6
4.99
0.06
2.0
0.244
0.238719
22.19
1058.9
241.6
4.98
0.04
2.0
0.257
0.245059
22.37
1062.6
243.0
4.95
0.0
2.0
0.239
0.183229
22.3
1063.9
242.1
5.02
0.06
2.0
0.233
0.18701
22.36
1066.5
242.5
5.06
0.1
2.0
0.222
0.149433
22.39
1068.8
242.6
4.98
0.0
2.0
0.207
0.0687552
22.49
1071.9
243.4
5.03
0.05
2.0
0.175
-0.00247013
22.52
1074.1
243.4
5.08
0.08
2.0
0.134
-0.030339
22.45
1075.6
242.6
5.0
-0.01
2.0
0.108
-0.0393183
22.5
1078.2
243.0
5.09
0.07
2.0
0.061
-0.0932638
22.37
1079.0
241.6
5.1
0.08
2.0
0.031
-0.119796
22.39
1081.5
241.8
4.94
-0.1
2.0
0.006
-0.151069
22.47
1084.5
242.5
5.11
0.06
2.0
-0.025
-0.16801
22.45
1086.6
242.4
5.05
-0.01
2.0
-0.061
-0.230384
22.43
1088.6
242.2
4.94
-0.12
2.0
-0.091
-0.278363
22.49
1091.6
242.9
5.11
0.04
2.0
-0.126
-0.284224
22.47
1093.7
242.8
5.1
0.03
2.0
-0.155
-0.328888
22.5
1096.4
243.3
5.11
0.04
2.0
-0.203
-0.342051
22.32
1097.1
241.6
5.09
0.01
2.0
-0.215
-0.322367
22.42
1100.4
242.8
5.09
0.02
2.0
-0.238
-0.317252
22.35
1102.3
242.4
5.08
0.01
2.0
-0.257
-0.345495
22.32
1104.4
242.3
4.88
-0.18
2.0
-0.273
-0.350904
22.31
1106.8
242.4
5.03
-0.03
2.0
-0.289
-0.342584
22.25
1108.8
242.2
4.87
-0.18
2.0
-0.296
-0.311131
22.22
1110.9
242.1
4.97
-0.07
2.0
-0.293
-0.29646
22.23
1113.6
242.5
4.98
-0.06
2.0
-0.305
-0.293729
22.1
1114.7
241.5
4.9
-0.12
2.0
-0.283
-0.260853
22.24
1118.7
243.2
4.85
-0.16
2.0
-0.272
-0.17192
22.16
1120.4
242.7
4.85
-0.15
2.0
-0.241
-0.114284
22.19
1123.2
243.3
5.01
0.03
2.0
-0.221
-0.145404
22.17
1125.4
243.3
4.92
-0.06
2.0
-0.206
-0.0884469
22.08
1126.9
242.6
4.94
-0.02
2.0
-0.192
-0.0600429
21.95
1128.1
241.5
4.94
-0.0
2.0
-0.156
-0.000986809
22.0
1130.9
242.1
4.81
-0.12
2.0
-0.116
0.0604085
22.04
1133.7
242.7
4.83
-0.08
2.0
-0.073
0.111888
22.08
1136.3
243.2
4.88
-0.03
2.0
-0.044
0.096634
22.03
1138.1
242.8
4.79
-0.1
2.0
-0.015
0.163909
21.98
1139.8
242.3
4.8
-0.08
2.0
0.004
0.131397
21.9
1141.2
241.5
4.86
-0.01
2.0
0.053
0.193201
22.1
1145.4
243.4
4.85
-0.01
2.0
0.073
0.20009
22.03
1146.8
242.7
4.99
0.14
2.0
0.113
0.293217
22.08
1149.5
243.2
4.85
-0.0
2.0
0.15
0.305622
22.11
1151.8
243.3
4.98
0.13
2.0
0.169
0.266496
22.07
1153.5
242.7
4.88
0.03
2.0
0.197
0.292093
22.16
1156.4
243.4
4.97
0.12
2.0
0.211
0.298721
22.11
1158.0
242.8
4.99
0.15
2.0
0.232
0.345702
22.12
1160.0
242.6
4.88
0.02
2.0
0.241
0.29489
22.09
1161.7
242.1
5.03
0.18
2.0
0.269
0.335385
22.25
1165.2
243.4
4.99
0.13
2.0
0.254
0.259812
22.08
1165.5
241.5
5.05
0.19
2.0
0.269
0.246329
22.28
1169.4
243.2
5.02
0.14
2.0
0.249
0.199239
22.19
1170.5
242.1
4.91
0.03
2.0
0.238
0.212727
22.18
1172.4
241.7
4.96
0.06
2.0
0.236
0.207885
22.24
1175.0
242.1
4.93
0.02
2.0
0.221
0.129067
22.27
1177.2
242.1
5.07
0.14
2.0
0.2
0.108583
22.27
1179.3
242.0
5.1
0.16
2.0
0.179
0.0792788
22.29
1181.5
241.9
5.07
0.12
2.0
0.158
0.0879306
22.27
1183.4
241.5
5.09
0.13
2.0
0.155
0.0586051
22.43
1187.1
243.0
5.02
0.04
2.0
0.117
-0.0281709
22.33
1188.2
241.9
5.0
0.01
2.0
0.087
-0.09882
22.41
1191.1
242.5
5.1
0.1
2.0
0.057
-0.0968226
22.44
1193.6
242.8
5.05
0.03
2.0
0.019
-0.176875
22.44
1195.8
242.7
4.96
-0.07
2.0
-0.024
-0.203165
22.39
1197.5
242.3
4.98
-0.06
2.0
-0.05
-0.158738
22.39
1199.8
242.3
5.04
-0.01
2.0
-0.072
-0.209586
22.42
1202.4
242.7
5.02
-0.04
2.0
-0.101
-0.215137
22.38
1204.3
242.3
5.09
0.02
2.0
-0.118
-0.242328
22.44
1207.3
243.1
5.0
-0.07
2.0
-0.161
-0.296142
22.28
1208.0
241.6
5.08
0.01
2.0
-0.168
-0.264991
22.41
1211.7
243.1
5.12
0.04
2.0
-0.178
-0.24307
22.43
1214.4
243.4
5.08
0.01
2.0
-0.201
-0.333442
22.39
1216.5
243.3
5.08
0.0
2.0
-0.234
-0.329532
22.26
1217.6
242.2
4.98
-0.1
2.0
-0.25
-0.320808
22.25
1219.9
242.3
4.91
-0.16
2.0
-0.255
-0.321913
22.31
1223.0
243.2
5.08
0.02
2.0
-0.26
-0.21859
22.22
1224.5
242.5
5.05
-0.01
2.0
-0.26
-0.254361
22.16
1226.5
242.2
5.05
0.0
2.0
-0.258
-0.21686
22.1
1228.4
241.9
4.88
-0.16
2.0
-0.246
-0.175086
22.09
1230.7
242.0
4.86
-0.16
2.0
-0.237
-0.161863
22.02
1232.5
241.5
4.97
-0.04
2.0
-0.204
-0.083403
22.11
1235.8
242.7
4.99
-0.01
2.0
-0.192
-0.0941502
22.02
1237.3
241.9
4.96
-0.03
2.0
-0.159
-0.0459331
22.1
1240.4
242.9
4.97
-0.01
2.0
-0.129
0.0324521
22.07
1242.6
242.8
5.02
0.06
2.0
-0.096
0.0443812
22.09
1245.0
243.1
4.88
-0.07
2.0
-0.073
0.0435855
22.05
1246.9
242.7
5.01
0.07
2.0
-0.032
0.157648
22.09
1249.6
243.3
4.85
-0.08
2.0
-0.005
0.141744
22.03
1251.2
242.7
4.89
-0.03
2.0
0.034
0.217943
22.05
1253.6
242.9
5.0
0.09
2.0
0.062
0.200292
22.02
1255.5
242.5
4.88
-0.03
2.0
0.095
0.206529
22.1
1258.4
243.2
4.99
0.09
2.0
0.118
0.212703
22.12
1260.7
243.3
4.95
0.05
2.0
0.124
0.257609
21.95
1261.1
241.5
5.03
0.14
2.0
0.152
0.27492
22.0
1263.6
241.9
4.95
0.06
2.0
0.195
0.327906
22.17
1267.3
243.3
4.98
0.1
2.0
0.195
0.257302
22.03
1267.9
241.7
4.89
0.0
2.0
0.226
0.298513
22.19
1271.6
243.2
5.06
0.17
2.0
0.243
0.324432
22.21
1273.8
243.1
5.0
0.11
2.0
0.26
0.329075
22.23
1275.9
243.1
4.92
0.02
2.0
0.27
0.291408
22.27
1278.3
243.3
4.9
-0.0
2.0
0.268
0.239307
22.28
1280.4
243.1
5.0
0.08
2.0
0.264
0.254477
22.29
1282.4
242.9
5.06
0.14
2.0
0.261
0.240014
22.3
1284.5
242.8
5.01
0.07
2.0
0.245
0.21064
22.24
1285.8
241.9
5.1
0.15
2.0
0.241
0.160461
22.35
1288.9
242.7
5.06
0.1
2.0
0.225
0.14087
22.37
1291.1
242.7
5.12
0.14
2.0
0.21
0.116352
22.42
1293.7
243.0
4.94
-0.04
2.0
0.174
0.0734749
22.29
1294.4
241.5
5.09
0.09
2.0
0.155
0.0565315
22.33
1296.9
241.7
5.07
0.06
2.0
0.122
-0.0534003
22.34
1299.1
241.7
4.98
-0.05
2.0
0.108
-0.0260287
22.5
1302.8
243.2
5.16
0.12
2.0
0.066
-0.149111
22.47
1304.7
242.8
5.0
-0.04
2.0
0.033
-0.104996
22.47
1306.9
242.8
5.03
-0.03
2.0
0.001
-0.174617
22.49
1309.3
242.9
5.1
0.03
2.0
-0.037
-0.193625
22.43
1310.9
242.3
5.15
0.07
2.0
-0.067
-0.224913
22.45
1313.4
242.6
5.0
-0.09
2.0
-0.097
-0.238325
22.44
1315.7
242.6
5.13
0.04
2.0
-0.121
-0.243045
22.45
1318.1
242.8
5.12
0.02
2.0
-0.161
-0.320958
22.35
1319.5
242.0
5.03
-0.07
2.0
-0.191
-0.311782
22.32
1321.6
241.8
5.03
-0.07
2.0
-0.2
-0.292478
22.42
1325.0
243.0
5.04
-0.06
2.0
-0.229
-0.319008
22.3
1326.3
242.0
5.09
-0.01
2.0
-0.235
-0.260387
22.31
1328.9
242.4
4.94
-0.15
2.0
-0.247
-0.281727
22.25
1330.7
242.0
5.03
-0.06
2.0
-0.249
-0.308687
22.31
1333.8
242.8
5.09
0.01
2.0
-0.268
-0.290054
22.17
1334.9
241.7
5.01
-0.06
2.0
-0.27
-0.281149
22.18
1337.5
242.1
4.96
-0.1
2.0
-0.274
-0.241439
22.09
1339.1
241.5
4.87
-0.18
2.0
-0.254
-0.227404
22.21
1342.8
242.9
4.88
-0.16
2.0
-0.246
-0.194938
22.17
1344.8
242.8
4.96
-0.07
2.0
-0.227
-0.100136
22.12
1346.8
242.5
5.0
-0.01
2.0
-0.206
-0.132648
22.13
1349.3
242.8
4.98
-0.02
2.0
-0.182
-0.0182786
22.06
1351.1
242.4
4.87
-0.12
2.0
-0.146
0.0260973
22.06
1353.4
242.5
4.88
-0.09
2.0
-0.124
0.0114744
21.98
1354.9
241.8
4.91
-0.05
2.0
-0.092
0.0709924
21.98
1357.3
241.9
4.91
-0.03
2.0
-0.065
0.0880752
21.95
1359.2
241.7
4.95
0.02
2.0
-0.023
0.184255
21.97
1361.7
242.0
4.85
-0.07
2.0
0.013
0.161466
22.01
1364.2
242.3
4.85
-0.06
2.0
0.047
0.22472
22.0
1366.3
242.2
4.84
-0.06
2.0
0.085
0.204753
22.1
1369.5
243.1
4.88
-0.01
2.0
0.101
0.211757
22.04
1370.9
242.4
4.86
-0.03
2.0
0.142
0.29305
22.15
1374.2
243.4
4.83
-0.05
2.0
0.154
0.307852
21.97
1374.4
241.5
5.0
0.12
2.0
0.19
0.338558
22.05
1377.3
242.1
4.89
0.01
2.0
0.211
0.253626
22.13
1380.0
242.7
4.87
-0.01
2.0
0.233
0.346722
22.17
1382.4
242.8
4.88
0.0
2.0
0.24
0.310938
22.09
1383.6
241.9
4.92
0.03
2.0
0.258
0.258002
22.25
1387.2
243.2
4.87
-0.02
2.0
0.264
0.307692
22.25
1389.1
242.9
4.95
0.06
2.0
0.253
0.206961
22.2
1390.6
242.2
5.04
0.13
2.0
0.247
0.209846
22.25
1393.1
242.4
4.98
0.07
2.0
0.247
0.223467
22.32
1395.8
242.9
4.9
-0.02
2.0
0.235
0.138431
22.36
1398.2
243.1
4.96
0.03
2.0
0.21
0.126279
22.31
1399.6
242.3
5.1
0.16
2.0
0.194
0.0886442
22.37
1402.3
242.7
4.95
-0.0
2.0
0.175
0.05333
22.42
1404.8
243.0
4.94
-0.03
2.0
0.149
0.0510314
22.39
1406.6
242.5
4.98
0.0
2.0
0.132
0.0204049
22.44
1409.2
242.9
4.97
-0.02
2.0
0.106
-0.0214007
22.43
1411.3
242.7
5.08
0.08
2.0
0.062
-0.111886
22.33
1412.4
241.7
5.1
0.08
2.0
0.037
-0.104179
22.41
1415.4
242.4
5.06
0.03
2.0
0.003
-0.116901
22.34
1416.9
241.6
5.04
0.0
2.0
-0.014
-0.142045
22.43
1420.0
242.5
5.06
0.01
2.0
-0.045
-0.152058
22.36
1421.6
241.9
5.05
-0.0
2.0
-0.058
-0.179212
22.46
1424.9
242.9
4.97
-0.09
2.0
-0.09
-0.211425
22.38
1426.5
242.2
5.11
0.04
2.0
-0.119
-0.218037
22.32
1428.1
241.7
4.93
-0.14
2.0
-0.147
-0.306531
22.32
1430.6
241.9
4.98
-0.1
2.0
-0.182
-0.320503
22.28
1432.5
241.6
5.07
-0.0
2.0
-0.2
-0.337752
22.37
1435.8
242.6
5.03
-0.05
2.0
-0.224
-0.254486
22.25
1437.1
241.7
5.01
-0.06
2.0
-0.218
-0.258985
22.37
1440.7
243.1
4.92
-0.16
2.0
-0.23
-0.284656
22.31
1442.7
242.8
5.07
0.01
2.0
-0.241
-0.303403
22.31
1445.1
243.0
4.96
-0.1
2.0
-0.253
-0.281048
22.24
1446.8
242.5
4.88
-0.17
2.0
-0.256
-0.214232
22.15
1448.4
241.9
4.98
-0.06
2.0
-0.25
-0.204217
22.11
1450.5
241.7
4.94
-0.1
2.0
-0.236
-0.184942
22.14
1453.3
242.3
4.87
-0.15
2.0
-0.224
-0.162484
22.12
1455.5
242.4
4.96
-0.05
2.0
-0.204
-0.105361
22.12
1458.0
242.6
4.84
-0.16
2.0
-0.185
-0.0559742
22.05
1459.7
242.1
5.0
0.01
2.0
-0.149
-0.0115477
22.12
1462.7
242.9
4.91
-0.06
2.0
-0.139
-0.0218911
21.97
1463.5
241.5
4.91
-0.05
2.0
-0.109
0.0205144
22.01
1466.3
242.1
4.83
-0.12
2.0
-0.083
0.0282885
22.03
1468.8
242.3
4.85
-0.08
2.0
-0.06
0.124458
21.94
1470.1
241.5
4.94
0.01
2.0
-0.016
0.183201
21.99
1472.9
242.0
5.0
0.09
2.0
0.034
0.215849
22.09
1476.1
243.0
5.0
0.09
2.0
0.059
0.248457
21.97
1477.0
241.8
4.95
0.06
2.0
0.103
0.217817
22.13
1480.7
243.3
4.89
0.01
2.0
0.12
0.249246
22.05
1482.0
242.4
4.95
0.07
2.0
0.143
0.228372
22.09
1484.5
242.6
4.95
0.08
2.0
0.161
0.313097
22.02
1485.8
241.8
4.86
-0.01
2.0
0.197
0.300847
22.15
1489.1
242.9
5.02
0.15
2.0
0.21
0.250586
22.17
1491.4
242.9
4.92
0.05
2.0
0.22
0.23941
22.22
1493.9
243.2
4.98
0.11
2.0
0.224
0.331766
22.11
1494.8
241.8
4.91
0.03
2.0
0.241
0.257303
22.21
1497.8
242.7
4.92
0.04
2.0
0.239
0.304525
22.12
1498.9
241.5
5.05
0.17
2.0
0.24
0.21022
22.17
1501.4
241.8
5.01
0.12
2.0
0.238
0.249551
22.19
1503.5
241.7
5.04
0.14
2.0
0.244
0.158857
22.38
1507.4
243.3
4.96
0.05
2.0
0.216
0.167501
22.25
1508.1
241.8
5.05
0.14
2.0
0.211
0.173527
22.3
1510.6
242.1
4.92
-0.0
2.0
0.198
0.109677
22.34
1513.1
242.3
5.09
0.15
2.0
0.169
0.0529963
22.3
1514.7
241.8
4.97
0.02
2.0
0.157
0.0147755
22.46
1518.4
243.2
4.98
0.02
2.0
0.131
-0.0144139
22.49
1520.8
243.3
4.99
0.01
2.0
0.099
-0.0505279
22.47
1522.7
243.0
5.06
0.07
2.0
0.065
-0.0929811
22.45
1524.7
242.7
5.08
0.08
2.0
0.045
-0.0775165
22.51
1527.5
243.3
5.11
0.1
2.0
0.015
-0.156388
22.51
1529.7
243.3
4.93
-0.09
2.0
-0.02
-0.182793
22.49
1531.7
243.1
5.05
0.02
2.0
-0.063
-0.220996
22.39
1533.0
242.1
4.95
-0.09
2.0
-0.1
-0.250828
22.33
1534.8
241.6
4.99
-0.06
2.0
-0.128
-0.234218
22.31
1536.8
241.5
4.94
-0.11
2.0
-0.137
-0.281277
22.47
1540.9
243.3
4.93
-0.12
2.0
-0.168
-0.329203
22.45
1543.1
243.2
4.93
-0.12
2.0
-0.204
-0.303153
22.32
1544.2
242.1
4.97
-0.08
2.0
-0.226
-0.310793
22.28
1546.2
241.9
4.97
-0.09
2.0
-0.246
-0.342174
22.26
1548.5
241.9
4.89
-0.16
2.0
-0.256
-0.304474
22.27
1551.1
242.3
4.96
-0.08
2.0
-0.264
-0.299857
22.25
1553.4
242.3
4.88
-0.16
2.0
-0.282
-0.311404
22.14
1554.7
241.5
5.04
0.01
2.0
-0.26
-0.234779
22.3
1558.8
243.4
4.94
-0.08
2.0
-0.267
-0.192931
22.09
1559.3
241.6
4.99
-0.02
2.0
-0.257
-0.204646
22.07
1561.5
241.6
4.98
-0.03
2.0
-0.251
-0.223724
22.05
1563.8
241.7
4.98
-0.02
2.0
-0.228
-0.18381
22.18
1567.5
243.2
4.95
-0.03
2.0
-0.213
-0.143255
22.17
1569.8
243.3
4.86
-0.11
2.0
-0.187
-0.0510567
22.15
1572.1
243.4
4.82
-0.14
2.0
-0.168
-0.059212
22.08
1573.8
242.8
4.82
-0.13
2.0
-0.145
0.00398067
22.01
1575.4
242.3
4.89
-0.05
2.0
-0.117
0.0810561
21.92
1576.8
241.5
4.96
0.04
2.0
-0.069
0.0829369
22.06
1580.5
242.9
4.86
-0.05
2.0
-0.043
0.135715
21.96
1581.8
242.0
4.97
0.07
2.0
0.006
0.192562
22.06
1585.0
243.1
4.88
-0.01
2.0
0.031
0.18315
21.99
1586.4
242.3
4.84
-0.04
2.0
0.069
0.175973
22.11
1589.8
243.4
4.81
-0.07
2.0
0.08
0.210866
21.97
1590.5
242.0
4.82
-0.05
2.0
0.107
0.281326
21.94
1592.3
241.6
4.94
0.08
2.0
0.15
0.294312
22.06
1595.7
242.7
4.83
-0.03
2.0
0.175
0.325174
22.02
1597.3
242.1
4.88
0.03
2.0
0.203
0.323137
22.06
1599.7
242.3
4.9
0.04
2.0
0.222
0.275937
22.11
1602.2
242.7
4.99
0.13
2.0
0.223
0.29534
22.02
1603.3
241.5
4.87
0.01
2.0
0.244
0.275028
22.17
1606.7
242.7
4.87
-0.0
2.0
0.257
0.305072
22.22
1609.2
243.0
4.87
-0.01
2.0
0.264
0.267411
22.27
1611.6
243.2
4.92
0.04
2.0
0.26
0.21455
22.29
1613.8
243.2
5.01
0.13
2.0
0.245
0.212519
22.24
1615.3
242.4
4.98
0.08
2.0
0.237
0.212201
22.23
1617.2
242.1
5.07
0.16
2.0
0.226
0.128305
22.3
1619.9
242.5
4.98
0.06
2.0
0.209
0.170029
22.27
1621.6
242.0
4.92
-0.01
2.0
0.203
0.133315
22.34
1624.4
242.6
4.99
0.04
2.0
0.18
0.100174
22.3
1625.9
241.9
5.09
0.13
2.0
0.166
0.0831689
22.34
1628.5
242.2
5.0
0.03
2.0
0.145
-0.00589224
22.41
1631.3
242.7
4.96
-0.03
2.0
0.119
0.0180037
22.4
1633.2
242.4
5.02
0.02
2.0
0.094
-0.103777
22.5
1636.4
243.4
5.11
0.1
2.0
0.055
-0.0575634
22.39
1637.4
242.2
5.14
0.11
2.0
0.024
-0.137782
22.4
1639.7
242.2
5.04
0.01
2.0
-0.006
-0.121337
22.36
1641.6
241.9
5.02
-0.03
2.0
-0.036
-0.154046
22.32
1643.4
241.5
5.0
-0.05
2.0
-0.047
-0.201757
22.5
1647.5
243.3
4.94
-0.12
2.0
-0.103
-0.287447
22.31
1647.9
241.5
5.1
0.04
2.0
-0.129
-0.311391
22.42
1651.3
242.7
4.96
-0.11
2.0
-0.167
-0.320819
22.36
1653.1
242.2
4.99
-0.09
2.0
-0.192
-0.328374
22.38
1655.8
242.7
5.0
-0.07
2.0
-0.218
-0.291585
22.3
1657.4
242.0
4.98
-0.1
2.0
-0.242
-0.327246
22.23
1659.1
241.5
4.95
-0.12
2.0
-0.244
-0.31742
22.34
1662.7
242.9
4.92
-0.15
2.0
-0.26
-0.245305
22.19
1663.7
241.7
4.91
-0.16
2.0
-0.251
-0.237756
22.23
1666.7
242.3
5.07
0.01
2.0
-0.248
-0.277893
22.27
1669.5
243.0
4.93
-0.12
2.0
-0.253
-0.199474
22.14
1670.7
241.9
4.98
-0.06
2.0
-0.238
-0.220187
22.22
1673.9
242.9
4.93
-0.11
2.0
-0.229
-0.200879
22.22
1676.4
243.2
4.91
-0.11
2.0
-0.224
-0.12116
22.08
1677.4
242.0
5.0
-0.01
2.0
-0.207
-0.148465
22.09
1680.0
242.4
4.91
-0.09
2.0
-0.179
-0.0563093
22.14
1682.8
243.0
4.87
-0.12
2.0
-0.162
-0.0213117
22.02
1684.0
242.0
4.83
-0.15
2.0
-0.14
-0.0525462
22.03
1686.4
242.2
4.9
-0.06
2.0
-0.115
0.0343675
22.01
1688.6
242.1
5.0
0.05
2.0
-0.077
0.101564
22.03
1691.1
242.4
5.01
0.08
2.0
-0.032
0.140357
22.1
1694.1
243.3
4.95
0.03
2.0
-0.01
0.145591
21.99
1695.2
242.2
4.94
0.03
2.0
0.024
0.203196
21.98
1697.3
242.1
4.94
0.03
2.0
0.052
0.211682
21.94
1699.1
241.6
5.0
0.1
2.0
0.093
0.186309
22.12
1703.0
243.3
4.99
0.1
2.0
0.114
0.251292
22.08
1704.6
242.8
4.82
-0.06
2.0
0.142
0.279016
22.08
1706.7
242.6
4.97
0.09
2.0
0.178
0.331705
22.14
1709.4
243.1
4.95
0.07
2.0
0.202
0.303831
22.14
1711.4
242.9
4.84
-0.03
2.0
0.22
0.300571
22.16
1713.6
242.9
4.97
0.09
2.0
0.23
0.261369
22.17
1715.7
242.8
4.91
0.03
2.0
0.243
0.31407
22.19
1717.9
242.8
4.95
0.07
2.0
0.251
0.296923
22.18
1719.7
242.4
5.05
0.16
2.0
0.248
0.224679
22.18
1721.8
242.2
4.98
0.09
2.0
0.243
0.260861
22.15
1723.4
241.7
4.98
0.08
2.0
0.252
0.23069
22.29
1726.7
242.8
4.91
0.0
2.0
0.258
0.248829
22.37
1729.6
243.4
5.03
0.12
2.0
0.253
0.216735
22.39
1731.7
243.3
5.08
0.15
2.0
0.225
0.11259
22.31
1732.9
242.2
5.09
0.15
2.0
0.21
0.131568
22.36
1735.4
242.5
5.04
0.09
2.0
0.198
0.0974771
22.44
1738.2
243.1
4.99
0.02
2.0
0.165
-0.0101025
22.43
1740.2
242.8
5.05
0.08
2.0
0.144
0.0245503
22.49
1742.9
243.3
5.06
0.07
2.0
0.099
-0.0282049
22.32
1743.4
241.5
4.98
-0.02
2.0
0.085
-0.0391597
22.45
1746.8
242.6
5.06
0.05
2.0
0.046
-0.128417
22.4
1748.4
242.1
5.02
-0.01
2.0
0.009
-0.191677
22.43
1751.0
242.4
5.09
0.06
2.0
-0.032
-0.213268
22.41
1753.0
242.2
5.0
-0.05
2.0
-0.052
-0.209237
22.52
1756.5
243.4
5.07
0.02
2.0
-0.088
-0.268614
22.49
1758.5
243.2
5.06
-0.0
2.0
-0.124
-0.236768
22.39
1759.8
242.3
4.97
-0.09
2.0
-0.149
-0.257563
22.37
1762.0
242.2
5.1
0.04
2.0
-0.173
-0.308002
22.37
1764.4
242.4
5.03
-0.04
2.0
-0.2
-0.276569
22.29
1766.0
241.8
4.98
-0.09
2.0
-0.215
-0.342205
22.36
1769.2
242.6
5.06
-0.01
2.0
-0.229
-0.304455
22.38
1771.8
243.1
4.99
-0.07
2.0
-0.249
-0.252023
22.22
1772.6
241.7
5.06
0.0
2.0
-0.245
-0.266028
22.27
1775.6
242.4
4.96
-0.1
2.0
-0.26
-0.309912
22.19
1777.3
241.9
4.93
-0.12
2.0
-0.265
-0.262595
22.16
1779.5
241.8
4.91
-0.13
2.0
-0.264
-0.272838
22.17
1782.1
242.2
4.86
-0.18
2.0
-0.26
-0.252825
22.18
1784.7
242.6
4.93
-0.1
2.0
-0.248
-0.234323
22.24
1787.8
243.4
4.88
-0.13
2.0
-0.235
-0.108048
22.15
1789.3
242.7
4.99
-0.01
2.0
-0.211
-0.109565
22.14
1791.6
242.9
4.95
-0.04
2.0
-0.195
-0.053676
22.01
1792.8
241.8
4.98
0.0
2.0
-0.175
-0.0821311
22.0
1795.1
241.9
4.92
-0.05
2.0
-0.141
-0.0165454
22.08
1798.2
242.9
4.89
-0.06
2.0
-0.11
0.0128974
22.12
1800.9
243.3
4.97
0.04
2.0
-0.084
0.0965273
22.03
1802.3
242.5
4.83
-0.09
2.0
-0.055
0.134613
21.93
1803.7
241.7
4.85
-0.06
2.0
-0.019
0.120603
21.98
1806.4
242.2
4.9
0.0
2.0
0.024
0.197168
22.07
1809.4
243.0
4.83
-0.06
2.0
0.053
0.232661
22.0
1810.9
242.3
5.0
0.12
2.0
0.095
0.271727
22.06
1813.6
242.8
4.95
0.08
2.0
0.123
0.208964
22.1
1816.2
243.2
4.86
-0.01
2.0
0.133
0.279745
21.96
1816.8
241.6
4.95
0.09
2.0
0.176
0.301218
22.12
1820.5
243.1
4.91
0.05
2.0
0.198
0.289518
22.14
1822.6
243.0
4.96
0.1
2.0
0.215
0.285439
22.16
1824.8
243.0
5.02
0.15
2.0
0.217
0.310247
22.02
1825.5
241.5
5.01
0.14
2.0
0.24
0.278165
22.17
1828.9
242.7
4.89
0.02
2.0
0.243
0.254714
22.17
1831.0
242.5
5.05
0.17
2.0
0.241
0.21947
22.2
1833.2
242.5
5.04
0.16
2.0
0.24
0.240501
22.21
1835.3
242.5
5.02
0.12
2.0
0.242
0.260016
22.23
1837.5
242.4
5.08
0.18
2.0
0.244
0.186074
22.33
1840.5
243.2
4.98
0.06
2.0
0.23
0.222807
22.26
1841.7
242.2
5.07
0.14
2.0
0.22
0.133147
22.31
1844.2
242.4
4.93
-0.01
2.0
0.205
0.125883
22.34
1846.6
242.6
5.05
0.1
2.0
0.184
0.0730146
22.35
1848.7
242.5
4.94
-0.02
2.0
0.151
0.0445567
22.27
1850.0
241.5
5.07
0.09
2.0
0.137
-0.0276555
22.44
1853.8
243.0
4.97
-0.01
2.0
0.109
-0.000334153
22.42
1855.7
242.7
5.09
0.09
2.0
0.066
-0.102538
22.32
1856.8
241.6
4.95
-0.06
2.0
0.043
-0.0789366
22.38
1859.7
242.2
5.02
-0.0
2.0
0.027
-0.0989551
22.47
1862.8
243.1
4.98
-0.05
2.0
-0.018
-0.197692
22.37
1863.9
242.0
4.96
-0.09
2.0
-0.055
-0.193676
22.32
1865.7
241.5
5.04
-0.01
2.0
-0.081
-0.19448
22.32
1868.0
241.6
5.13
0.07
2.0
-0.1
-0.226804
22.38
1871.0
242.3
4.97
-0.1
2.0
-0.129
-0.253543
22.35
1873.0
242.1
5.12
0.04
2.0
-0.163
-0.297769
22.27
1874.6
241.5
4.99
-0.09
2.0
-0.172
-0.302701
22.44
1878.6
243.3
5.04
-0.04
2.0
-0.199
-0.323659
22.4
1880.7
243.1
5.09
0.01
2.0
-0.216
-0.286874
22.37
1882.9
243.1
4.99
-0.09
2.0
-0.245
-0.304635
22.2
1883.6
241.6
4.9
-0.17
2.0
-0.233
-0.240977
22.34
1887.5
243.2
4.9
-0.17
2.0
-0.242
-0.315653
22.33
1889.9
243.4
4.93
-0.14
2.0
-0.261
-0.236815
22.13
1890.3
241.6
4.96
-0.1
2.0
-0.261
-0.260845
22.11
1892.6
241.7
4.91
-0.14
2.0
-0.251
-0.205489
22.14
1895.4
242.2
5.03
-0.01
2.0
-0.236
-0.158906
22.13
1897.8
242.4
5.02
-0.01
2.0
-0.217
-0.172045
22.18
1900.7
243.1
4.87
-0.15
2.0
-0.206
-0.0792146
22.06
1901.9
242.1
4.9
-0.1
2.0
-0.188
-0.119245
22.06
1904.3
242.3
4.9
-0.1
2.0
-0.168
-0.0614796
22.05
1906.6
242.4
4.96
-0.02
2.0
-0.145
-0.0131031
22.01
1908.6
242.2
5.02
0.05
2.0
-0.128
-0.0163158
21.94
1910.2
241.6
4.87
-0.08
2.0
-0.093
0.0698894
21.99
1913.0
242.2
4.88
-0.06
2.0
-0.062
0.0665678
22.02
1915.5
242.5
4.84
-0.09
2.0
-0.024
0.153501
22.04
1918.1
242.8
4.89
-0.03
2.0
0.003
0.148207
22.0
1919.8
242.4
4.84
-0.08
2.0
0.05
0.229006
22.1
1923.1
243.4
4.95
0.05
2.0
0.061
0.18135
21.95
1923.7
241.8
4.94
0.04
2.0
0.097
0.258611
22.01
1926.4
242.3
4.9
0.01
2.0
0.127
0.278329
22.01
1928.4
242.2
4.95
0.06
2.0
0.152
0.254714
22.03
1930.8
242.3
5.05
0.16
2.0
0.181
0.29136
22.11
1933.5
242.9
5.02
0.14
2.0
0.186
0.263284
22.0
1934.5
241.6
5.04
0.16
2.0
0.212
0.304822
22.1
1937.5
242.4
4.89
0.01
2.0
0.227
0.27682
22.14
1939.9
242.7
5.0
0.11
2.0
0.236
0.296523
22.14
1941.8
242.3
5.05
0.15
2.0
0.252
0.270512
22.24
1944.9
243.2
5.09
0.19
2.0
0.262
0.295899
22.28
1947.2
243.3
5.03
0.12
2.0
0.242
0.203991
22.15
1947.9
241.7
5.06
0.14
2.0
0.245
0.219665
22.26
1950.9
242.6
5.07
0.14
2.0
0.236
0.195844
22.26
1952.9
242.3
5.06
0.12
2.0
0.226
0.15325
22.31
1955.4
242.6
5.04
0.09
2.0
0.222
0.156813
22.41
1958.4
243.4
5.09
0.12
2.0
0.192
0.115144
22.28
1959.1
241.8
5.11
0.12
2.0
0.18
0.0284456
22.43
1962.8
243.2
5.06
0.06
2.0
0.151
-0.00553516
22.46
1965.1
243.4
5.08
0.07
2.0
0.123
-0.010815
22.46
1967.2
243.2
5.16
0.14
2.0
0.091
-0.072699
22.45
1969.3
243.1
4.99
-0.05
2.0
0.049
-0.0846791
22.34
1970.3
241.8
4.98
-0.07
2.0
0.026
-0.0959925
22.37
1972.8
242.1
5.05
-0.01
2.0
-0.013
-0.192046
22.34
1974.7
241.8
4.99
-0.08
2.0
-0.043
-0.167748
22.33
1977.0
241.8
5.13
0.05
2.0
-0.073
-0.252232
22.38
1979.7
242.2
5.07
-0.02
2.0
-0.098
-0.233365
22.42
1982.4
242.7
5.06
-0.04
2.0
-0.136
-0.303703
22.35
1984.1
242.2
5.03
-0.08
2.0
-0.159
-0.288315
22.4
1987.0
242.8
5.07
-0.04
2.0
-0.18
-0.267842
22.37
1989.1
242.7
5.03
-0.08
2.0
-0.193
-0.268099
22.38
1991.6
243.0
4.98
-0.13
2.0
-0.221
-0.332942
22.29
1993.2
242.3
5.07
-0.04
2.0
-0.236
-0.27246
22.24
1995.2
242.1
4.95
-0.16
2.0
-0.231
-0.265741
22.34
1998.6
243.3
5.03
-0.08
2.0
-0.234
-0.217022
22.27
2000.3
242.8
4.95
-0.15
2.0
-0.238
-0.272719
22.24
2002.5
242.8
4.99
-0.1
2.0
-0.236
-0.208789
22.22
2004.8
242.8
4.93
-0.15
2.0
-0.236
-0.217268
22.16
2006.6
242.4
4.95
-0.13
2.0
-0.218
-0.143559
22.19
2009.4
243.0
5.0
-0.06
2.0
-0.206
-0.132097
22.14
2011.3
242.7
4.99
-0.07
2.0
-0.186
-0.0599739
22.09
2013.2
242.3
4.9
-0.15
2.0
-0.16
-0.0991764
22.17
2016.3
243.3
5.05
0.02
2.0
-0.154
-0.00450391
21.97
2016.7
241.5
5.07
0.05
2.0
-0.122
-0.0478631
22.08
2020.2
242.7
5.04
0.03
2.0
-0.098
0.0330328
22.07
2022.4
242.8
5.07
0.07
2.0
-0.074
0.114909
21.96
2023.6
241.7
5.04
0.05
2.0
-0.038
0.0710004
22.05
2026.8
242.7
5.03
0.05
2.0
-0.025
0.100862
21.94
2027.9
241.6
5.05
0.08
2.0
0.021
0.200961
22.06
2031.2
242.8
4.99
0.03
2.0
0.061
0.220393
22.11
2033.9
243.2
5.03
0.08
2.0
0.081
0.19133
22.05
2035.5
242.6
4.98
0.04
2.0
0.119
0.280133
22.12
2038.3
243.2
5.06
0.12
2.0
0.137
0.318898
21.96
2038.8
241.5
4.91
-0.02
2.0
0.183
0.286046
22.17
2042.9
243.4
4.89
-0.04
2.0
0.194
0.278737
22.1
2044.2
242.6
5.06
0.13
2.0
0.21
0.308721
22.09
2046.1
242.2
5.06
0.13
2.0
0.231
0.315811
22.14
2048.6
242.5
5.06
0.13
2.0
0.239
0.268488
22.15
2050.7
242.3
5.05
0.12
2.0
0.25
0.293559
22.19
2053.1
242.5
5.06
0.12
2.0
0.264
0.295633
22.27
2055.9
243.1
5.04
0.09
2.0
0.245
0.206071
22.16
2056.7
241.7
5.04
0.09
2.0
0.242
0.257176
22.16
2058.7
241.5
5.12
0.16
2.0
0.244
0.229952
22.23
2061.3
241.9
5.07
0.09
2.0
0.235
0.176804
22.26
2063.7
242.0
4.97
-0.01
2.0
0.233
0.174191
22.37
2066.7
242.8
5.08
0.09
2.0
0.216
0.163462
22.33
2068.4
242.2
5.11
0.11
2.0
0.203
0.117539
22.37
2070.8
242.4
5.03
0.01
2.0
0.184
0.0757426
22.41
2073.2
242.6
5.04
0.01
2.0
0.17
0.0567879
22.5
2076.1
243.3
5.1
0.05
2.0
0.131
0.00205095
22.37
2077.0
241.9
5.11
0.05
2.0
0.103
-0.0376274
22.4
2079.4
242.0
5.0
-0.07
2.0
0.068
-0.0646267
22.35
2081.1
241.5
5.18
0.1
2.0
0.039
-0.168232
22.46
2084.3
242.5
5.15
0.05
2.0
0.002
-0.14733
22.43
2086.2
242.2
5.11
0.01
2.0
-0.041
-0.248054
22.4
2088.3
242.0
5.05
-0.06
2.0
-0.076
-0.276326
22.46
2091.1
242.6
5.17
0.06
2.0
-0.115
-0.237277
22.37
2092.5
241.7
5.08
-0.05
2.0
-0.137
-0.299835
22.45
2095.7
242.7
5.15
0.03
2.0
-0.17
-0.314395
22.41
2097.8
242.5
5.08
-0.05
2.0
-0.193
-0.338306
22.46
2100.6
243.1
5.05
-0.08
2.0
-0.218
-0.307854
22.4
2102.5
242.8
5.14
0.01
2.0
-0.234
-0.337252
22.41
2105.1
243.1
4.97
-0.16
2.0
-0.256
-0.275009
22.27
2106.1
241.9
5.13
0.01
2.0
-0.264
-0.268106
22.2
2108.0
241.5
4.97
-0.14
2.0
-0.265
-0.297121
22.22
2110.7
242.0
5.03
-0.07
2.0
-0.264
-0.284695
22.26
2113.6
242.6
5.02
-0.08
2.0
-0.272
-0.256551
22.16
2115.0
241.9
5.05
-0.04
2.0
-0.266
-0.199261
22.1
2116.9
241.6
4.97
-0.1
2.0
-0.25
-0.201531
22.14
2119.8
242.2
4.89
-0.17
2.0
-0.223
-0.108807
22.19
2122.8
243.0
4.97
-0.08
2.0
-0.196
-0.0972121
22.22
2125.4
243.4
4.9
-0.14
2.0
-0.182
-0.0427882
22.07
2126.4
242.1
4.96
-0.06
2.0
-0.159
-0.0526622
22.06
2128.6
242.2
4.96
-0.05
2.0
-0.137
-0.0518653
22.09
2131.3
242.6
4.98
-0.01
2.0
-0.109
0.0209402
22.11
2133.8
243.0
4.93
-0.05
2.0
-0.085
0.0184945
22.1
2136.0
242.9
4.9
-0.06
2.0
-0.069
0.0753632
21.99
2137.2
241.9
4.91
-0.05
2.0
-0.03
0.127136
22.06
2140.1
242.7
4.86
-0.08
2.0
-0.0
0.116948
22.08
2142.6
243.0
4.98
0.05
2.0
0.025
0.21408
21.99
2143.9
242.0
4.9
-0.02
2.0
0.067
0.185358
22.12
2147.4
243.3
4.97
0.05
2.0
0.088
0.206212
22.09
2149.1
242.9
4.85
-0.06
2.0
0.113
0.234518
22.09
2151.3
242.8
5.02
0.12
2.0
0.15
0.318996
22.14
2153.8
243.1
4.87
-0.03
2.0
0.164
0.296223
22.0
2154.5
241.6
4.87
-0.02
2.0
0.206
0.322573
22.18
2158.3
243.2
4.93
0.04
2.0
0.207
0.283071
22.04
2158.9
241.6
5.0
0.1
2.0
0.238
0.334711
22.18
2162.3
242.7
4.97
0.07
2.0
0.248
0.320277
22.14
2163.9
242.1
4.97
0.07
2.0
0.255
0.255055
22.19
2166.4
242.4
4.93
0.02
2.0
0.263
0.232304
22.32
2169.6
243.4
4.97
0.06
2.0
0.261
0.248735
22.34
2171.8
243.4
4.92
-0.0
2.0
0.249
0.247136
22.24
2172.8
242.1
5.01
0.07
2.0
0.229
0.143716
22.21
2174.4
241.5
4.94
-0.01
2.0
0.215
0.153762
22.25
2176.8
241.7
4.99
0.04
2.0
0.208
0.109625
22.37
2180.0
242.7
4.99
0.02
2.0
0.197
0.111401
22.45
2182.9
243.3
5.0
0.02
2.0
0.169
0.033488
22.42
2184.7
242.9
4.99
-0.0
2.0
0.136
0.0464106
22.32
2185.7
241.7
5.05
0.05
2.0
0.116
0.0124408
22.35
2188.1
241.8
4.96
-0.06
2.0
0.093
-0.0823376
22.44
2191.2
242.7
4.95
-0.08
2.0
0.068
-0.0805234
22.51
2194.1
243.3
4.98
-0.06
2.0
0.021
-0.159834
22.4
2195.1
242.1
5.13
0.08
2.0
-0.017
-0.184482
22.38
2197.1
241.9
5.1
0.04
2.0
-0.046
-0.210244
22.43
2199.9
242.4
5.07
-0.0
2.0
-0.077
-0.231608
22.44
2202.3
242.6
5.14
0.06
2.0
-0.11
-0.220075
22.36
2203.9
241.9
5.13
0.04
2.0
-0.122
-0.248121
22.46
2207.3
243.1
4.99
-0.1
2.0
-0.158
-0.249587
22.31
2208.2
241.7
5.11
0.02
2.0
-0.18
-0.32544
22.36
2211.0
242.3
5.02
-0.08
2.0
-0.205
-0.315845
22.34
2213.3
242.3
5.03
-0.06
2.0
-0.22
-0.265657
22.31
2215.4
242.2
4.98
-0.11
2.0
-0.234
-0.317257
22.3
2217.8
242.4
4.91
-0.17
2.0
-0.246
-0.30994
22.3
2220.3
242.7
5.01
-0.07
2.0
-0.254
-0.229336
22.21
2221.8
241.9
4.96
-0.12
2.0
-0.254
-0.296216
22.24
2224.6
242.5
5.03
-0.03
2.0
-0.258
-0.221756
22.16
2226.3
242.0
5.0
-0.06
2.0
-0.243
-0.250847
22.27
2229.9
243.3
5.04
-0.0
2.0
-0.244
-0.206609
22.18
2231.4
242.7
5.03
-0.01
2.0
-0.228
-0.192245
22.23
2234.4
243.4
4.91
-0.11
2.0
-0.219
-0.140038
22.15
2236.0
242.8
4.97
-0.03
2.0
-0.197
-0.0713779
22.12
2238.1
242.7
4.97
-0.02
2.0
-0.178
-0.0462845
22.03
2239.6
242.0
4.91
-0.07
2.0
-0.158
-0.0618125
22.01
2241.8
242.0
4.83
-0.14
2.0
-0.123
0.0342647
22.06
2244.7
242.7
4.82
-0.13
2.0
-0.09
0.0633724
22.06
2247.0
242.8
4.89
-0.05
2.0
-0.053
0.147512
22.03
2249.0
242.6
5.01
0.09
2.0
-0.018
0.122148
22.05
2251.4
242.8
4.85
-0.06
2.0
0.006
0.196403
21.94
2252.5
241.7
4.94
0.03
2.0
0.049
0.166301
22.08
2256.1
243.1
5.0
0.1
2.0
0.064
0.233469
21.93
2256.7
241.5
4.99
0.1
2.0
0.095
0.202479
22.0
2259.5
242.1
4.99
0.1
2.0
0.125
0.290002
22.01
2261.7
242.1
5.01
0.13
2.0
0.164
0.294927
22.12
2264.8
243.0
4.89
0.01
2.0
0.189
0.339374
22.08
2266.5
242.5
4.96
0.09
2.0
0.212
0.255638
22.17
2269.4
243.2
4.93
0.05
2.0
0.213
0.280661
22.08
2270.5
242.0
5.05
0.17
2.0
0.228
0.295529
22.11
2272.8
242.2
4.95
0.07
2.0
0.237
0.292826
22.11
2274.7
241.8
5.0
0.11
2.0
0.242
0.256562
22.13
2277.0
241.9
5.06
0.17
2.0
0.244
0.233133
22.19
2279.5
242.1
4.99
0.1
2.0
0.232
0.187646
22.18
2281.4
241.8
4.98
0.07
2.0
0.23
0.188645
22.26
2284.2
242.4
4.96
0.04
2.0
0.231
0.197456
22.35
2287.1
243.1
5.09
0.16
2.0
0.216
0.124728
22.37
2289.2
243.0
5.11
0.17
2.0
0.191
0.157467
22.24
2290.0
241.6
4.97
0.02
2.0
0.169
0.0369918
22.27
2292.4
241.7
4.93
-0.04
2.0
0.154
0.0484857
22.37
2295.4
242.5
5.0
0.02
2.0
0.13
0.051249
22.32
2297.0
241.9
5.11
0.12
2.0
0.118
-0.00595703
22.44
2300.3
242.9
4.96
-0.04
2.0
0.074
-0.105878
22.35
2301.6
242.0
5.01
-0.01
2.0
0.05
-0.108592
22.44
2304.7
242.8
5.05
0.02
2.0
0.01
-0.0975275
22.31
2305.6
241.5
4.97
-0.07
2.0
0.003
-0.142592
22.5
2309.8
243.4
5.1
0.05
2.0
-0.032
-0.220654
22.5
2312.0
243.4
5.01
-0.05
2.0
-0.072
-0.176422
22.35
2312.8
242.0
5.0
-0.07
2.0
-0.097
-0.209983
22.34
2315.0
241.9
5.01
-0.07
2.0
-0.107
-0.220928
22.45
2318.4
243.1
5.02
-0.06
2.0
-0.127
-0.244051
22.47
2321.0
243.4
4.99
-0.1
2.0
-0.16
-0.302878
22.39
2322.6
242.8
5.02
-0.06
2.0
-0.186
-0.323466
22.39
2325.0
243.0
4.97
-0.12
2.0
-0.209
-0.334956
22.4
2327.5
243.2
5.1
0.02
2.0
-0.228
-0.263608
22.3
2329.0
242.5
4.92
-0.16
2.0
-0.251
-0.31823
22.19
2330.4
241.7
5.09
0.02
2.0
-0.255
-0.308971
22.26
2333.5
242.5
5.05
-0.02
2.0
-0.255
-0.259111
22.26
2336.0
242.9
4.97
-0.09
2.0
-0.256
-0.229672
22.19
2337.8
242.4
4.92
-0.14
2.0
-0.256
-0.204841
22.09
2339.3
241.6
4.89
-0.15
2.0
-0.231
-0.19886
22.24
2343.2
243.4
4.97
-0.06
2.0
-0.217
-0.147551
22.22
2345.5
243.4
4.96
-0.06
2.0
-0.216
-0.0982873
22.01
2345.8
241.5
4.98
-0.03
2.0
-0.19
-0.123068
22.09
2349.0
242.5
4.86
-0.14
2.0
-0.18
-0.0822027
22.0
2350.5
241.8
4.97
-0.02
2.0
-0.145
0.0276709
22.03
2353.1
242.3
4.86
-0.11
2.0
-0.107
0.0259347
22.1
2356.2
243.1
4.91
-0.05
2.0
-0.082
0.0210881
22.1
2358.5
243.2
5.01
0.06
2.0
-0.057
0.129655
22.0
2359.8
242.3
4.91
-0.02
2.0
-0.027
0.119403
21.98
2361.8
242.2
4.95
0.03
2.0
0.014
0.167692
22.07
2364.9
243.0
4.95
0.03
2.0
0.046
0.210612
22.06
2367.0
242.9
4.99
0.08
2.0
0.071
0.187465
22.04
2368.9
242.7
4.92
0.02
2.0
0.1
0.294224
21.99
2370.5
242.0
4.97
0.08
2.0
0.139
0.246942
22.11
2373.8
243.1
5.0
0.11
2.0
0.167
0.281462
22.15
2376.3
243.4
4.9
0.01
2.0
0.179
0.281732
22.06
2377.4
242.3
4.86
-0.02
2.0
0.185
0.254569
22.0
2378.8
241.5
5.0
0.11
2.0
0.224
0.334654
22.19
2382.7
243.2
5.02
0.14
2.0
0.233
0.340059
22.08
2383.6
241.9
5.06
0.17
2.0
0.253
0.291955
22.18
2386.6
242.7
5.08
0.18
2.0
0.256
0.325157
22.12
2387.9
241.8
4.9
-0.01
2.0
0.274
0.291527
22.25
2391.2
242.9
5.08
0.17
2.0
0.281
0.272213
22.33
2394.0
243.4
4.92
-0.0
2.0
0.268
0.219165
22.29
2395.5
242.7
4.99
0.06
2.0
0.265
0.237132
22.34
2398.0
242.9
4.95
0.0
2.0
0.249
0.165436
22.33
2399.9
242.6
5.02
0.06
2.0
0.233
0.0998056
22.43
2402.8
243.3
4.94
-0.03
2.0
0.186
0.0421033
22.27
2403.3
241.6
5.12
0.13
2.0
0.18
0.0723421
22.46
2407.2
243.2
5.12
0.13
2.0
0.144
0.0412591
22.33
2408.1
241.8
5.06
0.04
2.0
0.118
-0.0526222
22.4
2410.8
242.3
5.02
-0.01
2.0
0.078
-0.0579335
22.33
2412.2
241.5
5.04
0.0
2.0
0.07
-0.0550592
22.5
2416.1
243.2
5.04
-0.01
2.0
0.035
-0.164022
22.51
2418.4
243.2
5.01
-0.05
2.0
-0.002
-0.131045
22.44
2420.0
242.5
5.07
0.0
2.0
-0.037
-0.19935
22.41
2421.9
242.2
5.02
-0.06
2.0
-0.057
-0.198557
22.5
2425.1
243.1
5.03
-0.06
2.0
-0.085
-0.203171
22.45
2427.0
242.8
4.96
-0.13
2.0
-0.123
-0.310099
22.41
2428.9
242.5
5.11
0.01
2.0
-0.142
-0.268612
22.49
2432.0
243.4
5.07
-0.03
2.0
-0.183
-0.312367
22.33
2432.9
242.0
5.0
-0.1
2.0
-0.197
-0.307312
22.41
2436.1
243.0
4.98
-0.13
2.0
-0.214
-0.256177
22.35
2437.9
242.6
5.01
-0.09
2.0
-0.227
-0.33699
22.37
2440.6
243.0
5.06
-0.04
2.0
-0.242
-0.270461
22.3
2442.4
242.6
5.08
-0.01
2.0
-0.248
-0.283408
22.29
2444.7
242.7
5.03
-0.05
2.0
-0.259
-0.297994
22.24
2446.7
242.5
5.0
-0.07
2.0
-0.262
-0.26157
22.21
2448.9
242.4
5.04
-0.03
2.0
-0.255
-0.184411
22.16
2450.9
242.2
4.9
-0.15
2.0
-0.237
-0.174326
22.18
2453.6
242.7
4.99
-0.05
2.0
-0.225
-0.161717
22.16
2455.8
242.6
5.05
0.02
2.0
-0.2
-0.0984314
22.19
2458.5
243.1
5.03
0.01
2.0
-0.187
-0.0384606
22.03
2459.3
241.7
4.94
-0.07
2.0
-0.158
-0.0874121
22.12
2462.6
242.8
4.96
-0.03
2.0
-0.14
-0.0176282
22.06
2464.4
242.4
5.01
0.03
2.0
-0.124
-0.0190588
22.0
2466.1
241.9
4.97
0.0
2.0
-0.077
0.09714
22.13
2469.7
243.3
4.91
-0.04
2.0
-0.052
0.0850501
22.06
2471.3
242.7
4.93
-0.01
2.0
-0.017
0.116447
22.12
2474.1
243.3
4.86
-0.06
2.0
-0.005
0.135132
21.96
2474.7
241.7
5.0
0.08
2.0
0.036
0.172267
22.09
2478.2
243.0
4.84
-0.07
2.0
0.052
0.214745
21.95
2478.9
241.5
5.01
0.11
2.0
0.084
0.199304
22.02
2481.8
242.2
4.9
0.01
2.0
0.119
0.259664
22.1
2484.7
242.9
4.83
-0.05
2.0
0.147
0.288725
22.09
2486.7
242.6
4.92
0.04
2.0
0.171
0.240351
22.15
2489.3
243.1
4.88
-0.0
2.0
0.173
0.262991
22.02
2490.1
241.7
5.02
0.14
2.0
0.2
0.319987
22.09
2492.8
242.1
5.04
0.16
2.0
0.214
0.250631
22.12
2495.1
242.2
4.87
-0.01
2.0
0.228
0.258143
22.21
2498.0
242.9
4.89
0.01
2.0
0.239
0.305387
22.22
2500.0
242.7
4.98
0.08
2.0
0.228
0.218661
22.12
2501.0
241.5
5.05
0.15
2.0
0.236
0.249333
22.2
2503.9
242.1
5.05
0.14
2.0
0.243
0.18905
22.36
2507.4
243.4
5.06
0.15
2.0
0.23
0.164681
22.35
2509.4
243.2
5.09
0.16
2.0
0.206
0.182321
22.21
2509.9
241.5
5.08
0.14
2.0
0.2
0.154081
22.27
2512.6
241.9
5.05
0.1
2.0
0.195
0.117706
22.37
2515.6
242.7
5.11
0.14
2.0
0.168
0.0161043
22.38
2517.8
242.7
4.99
0.01
2.0
0.144
0.018449
22.42
2520.2
242.9
5.1
0.11
2.0
0.109
0.0122289
22.3
2521.2
241.5
5.08
0.07
2.0
0.096
-0.0297196
22.42
2524.5
242.6
5.09
0.07
2.0
0.068
-0.0987566
22.46
2527.0
242.9
5.1
0.07
2.0
0.036
-0.102352
22.44
2529.0
242.7
5.08
0.04
2.0
0.002
-0.112867
22.36
2530.4
241.9
5.1
0.05
2.0
-0.031
-0.179535
22.32
2532.4
241.5
4.99
-0.07
2.0
-0.064
-0.224891
22.34
2534.8
241.7
5.06
-0.01
2.0
-0.096
-0.267392
22.36
2537.3
242.0
5.07
-0.0
2.0
-0.122
-0.230698
22.37
2539.7
242.2
5.08
-0.0
2.0
-0.146
-0.304839
22.41
2542.5
242.7
5.06
-0.02
2.0
-0.179
-0.309449
22.35
2544.3
242.3
5.09
0.0
2.0
-0.19
-0.274826
22.42
2547.4
243.2
5.08
-0.01
2.0
-0.23
-0.341776
22.23
2548.0
241.5
5.06
-0.03
2.0
-0.225
-0.277803
22.39
2552.0
243.3
4.91
-0.17
2.0
-0.237
-0.299643
22.36
2554.2
243.3
5.09
0.01
2.0
-0.251
-0.262218
22.24
2555.6
242.4
4.92
-0.15
2.0
-0.258
-0.250739
22.16
2557.2
241.8
4.92
-0.14
2.0
-0.236
-0.188458
22.28
2560.8
243.2
4.9
-0.15
2.0
-0.237
-0.248958
22.23
2562.8
243.0
5.04
-0.0
2.0
-0.237
-0.135838
22.07
2563.7
241.6
5.04
0.0
2.0
-0.215
-0.138247
22.11
2566.5
242.3
4.85
-0.17
2.0
-0.189
-0.0644214
22.13
2569.1
242.6
4.98
-0.03
2.0
-0.179
-0.0949182
22.03
2570.5
241.8
5.0
0.0
2.0
-0.162
-0.0733662
22.02
2572.8
241.9
4.96
-0.02
2.0
-0.134
0.018719
22.03
2575.2
242.1
4.92
-0.05
2.0
-0.092
0.0610649
22.11
2578.3
243.0
4.97
0.01
2.0
-0.059
0.0891472
22.12
2580.7
243.2
4.93
-0.01
2.0
-0.04
0.130508
21.97
2581.5
241.8
4.91
-0.03
2.0
-0.006
0.181574
21.95
2583.5
241.5
4.92
-0.0
2.0
0.032
0.191062
22.0
2586.2
242.0
4.93
0.01
2.0
0.069
0.220317
22.06
2588.9
242.6
4.94
0.04
2.0
0.097
0.186583
22.12
2591.6
243.1
4.94
0.04
2.0
0.107
0.222182
22.01
2592.7
241.9
4.97
0.08
2.0
0.131
0.2408
22.04
2595.0
242.1
4.96
0.07
2.0
0.15
0.227441
22.07
2597.4
242.3
4.85
-0.03
2.0
0.179
0.266583
22.19
2600.7
243.3
4.88
0.0
2.0
0.186
0.28989
22.07
2601.5
241.9
4.9
0.02
2.0
0.204
0.28279
22.1
2603.8
242.0
4.88
-0.0
2.0
0.212
0.247429
22.11
2605.9
241.9
4.97
0.09
2.0
0.238
0.307994
22.26
2609.4
243.1
5.01
0.12
2.0
0.233
0.219942
22.2
2610.8
242.4
4.93
0.04
2.0
0.24
0.23874
22.3
2613.7
243.1
4.93
0.03
2.0
0.226
0.193185
22.22
2615.0
242.1
5.06
0.15
2.0
0.217
0.182488
22.23
2617.0
241.9
4.98
0.07
2.0
0.207
0.13793
22.27
2619.5
242.2
5.01
0.08
2.0
0.197
0.105914
22.36
2622.4
242.8
4.95
0.02
2.0
0.181
0.132742
22.34
2624.3
242.4
4.94
-0.01
2.0
0.16
0.0195148
22.38
2626.7
242.6
5.05
0.09
2.0
0.13
0.0663398
22.27
2627.7
241.5
4.95
-0.01
2.0
0.128
0.0129408
22.46
2631.7
243.2
4.95
-0.03
2.0
0.088
-0.0476288
22.34
2632.7
241.9
4.95
-0.05
2.0
0.058
-0.111141
22.38
2635.2
242.2
4.99
-0.02
2.0
0.031
-0.137243
22.46
2638.2
243.0
4.99
-0.03
2.0
-0.004
-0.100792
22.35
2639.4
241.9
4.93
-0.1
2.0
-0.027
-0.1331
22.34
2641.5
241.8
4.96
-0.08
2.0
-0.048
-0.151928
22.36
2644.0
242.0
5.08
0.03
2.0
-0.076
-0.197954
22.32
2645.9
241.6
4.96
-0.09
2.0
-0.099
-0.230418
22.36
2648.6
242.1
5.05
-0.0
2.0
-0.127
-0.300447
22.4
2651.3
242.6
5.08
0.02
2.0
-0.15
-0.287322
22.45
2654.2
243.3
5.02
-0.05
2.0
-0.186
-0.273076
22.29
2655.0
241.8
4.93
-0.14
2.0
-0.188
-0.255425
22.4
2658.5
243.1
5.04
-0.02
2.0
-0.199
-0.240676
22.36
2660.5
242.9
5.07
0.01
2.0
-0.204
-0.244091
22.36
2663.0
243.2
4.98
-0.08
2.0
-0.231
-0.290846
22.19
2663.8
241.7
5.06
0.0
2.0
-0.22
-0.221698
22.32
2667.5
243.2
4.98
-0.07
2.0
-0.225
-0.265862
22.3
2669.7
243.2
4.93
-0.11
2.0
-0.239
-0.219914
22.14
2670.6
241.8
4.9
-0.14
2.0
-0.224
-0.205599
22.23
2673.9
242.9
4.96
-0.06
2.0
-0.221
-0.142713
22.11
2675.2
242.0
4.89
-0.12
2.0
-0.206
-0.176173
22.16
2678.1
242.7
