4.93
-0.07
3.0
-0.007
0.0
22.15
27.7
241.7
5.07
0.07
3.0
0.013
0.0351866
22.31
31.6
243.4
5.09
0.09
3.0
-0.004
-0.0277084
22.18
32.5
242.1
4.94
-0.06
3.0
-0.006
0.00542219
22.16
34.5
241.8
4.96
-0.04
3.0
0.017
0.0505917
22.32
38.3
243.4
5.01
0.01
3.0
0.019
0.0498394
22.27
40.0
242.9
4.94
-0.06
3.0
0.015
0.0573136
22.15
41.0
241.7
5.1
0.1
3.0
0.022
0.0404207
22.19
43.6
242.0
5.1
0.1
3.0
0.01
-0.0359252
22.15
45.4
241.7
5.09
0.09
3.0
0.024
0.0235691
22.31
49.2
243.2
5.05
0.05
3.0
0.022
0.00729395
22.29
51.3
243.0
5.1
0.1
3.0
0.006
-0.00838236
22.18
52.3
241.9
4.92
-0.08
3.0
0.011
0.0232236
22.21
54.9
242.2
5.06
0.06
3.0
0.015
0.0282247
22.23
57.3
242.4
4.96
-0.04
3.0
0.007
-0.00200597
22.17
58.9
241.8
4.9
-0.1
3.0
0.015
-0.0151034
22.3
62.4
243.0
4.92
-0.08
3.0
0.012
-0.0170002
22.31
64.7
243.2
5.03
0.03
3.0
0.008
-0.0357795
22.34
67.2
243.4
5.08
0.07
3.0
-0.007
0.0275316
22.16
67.7
241.7
5.0
-0.0
3.0
0.005
0.0229674
22.24
70.7
242.4
5.06
0.06
3.0
-0.001
0.0147645
22.16
72.2
241.7
4.97
-0.03
3.0
-0.007
-0.0296784
22.15
74.2
241.6
4.94
-0.06
3.0
-0.008
-0.047851
22.22
77.2
242.3
5.03
0.03
3.0
-0.009
-0.0115105
22.24
79.5
242.4
4.98
-0.02
3.0
0.004
0.019405
22.32
82.6
243.3
5.05
0.04
3.0
0.005
0.0251181
22.28
84.4
242.9
4.99
-0.01
3.0
-0.002
-0.0521677
22.28
86.7
242.9
4.98
-0.02
3.0
-0.007
0.00680837
22.23
88.4
242.4
4.93
-0.07
3.0
-0.0
0.0220519
22.25
90.8
242.6
4.96
-0.04
3.0
0.011
0.0346824
22.3
93.5
243.1
5.06
0.06
3.0
0.005
-0.0483104
22.3
95.8
243.1
4.96
-0.04
3.0
0.01
0.0285464
22.33
98.2
243.3
5.07
0.07
3.0
-0.001
-0.0111777
22.22
99.4
242.3
4.92
-0.07
3.0
-0.006
0.00539972
22.17
101.1
241.8
5.09
0.09
3.0
-0.001
0.0239249
22.18
103.5
241.9
5.06
0.06
3.0
0.018
0.0272812
22.34
107.2
243.4
4.92
-0.08
3.0
0.001
-0.0162036
22.2
108.1
242.0
5.05
0.05
3.0
-0.009
-0.0485609
22.18
110.1
241.9
4.99
-0.01
3.0
0.008
0.0363353
22.31
113.6
243.1
5.02
0.03
3.0
0.013
0.0402931
22.29
115.7
243.0
4.92
-0.08
3.0
0.006
0.0485492
22.15
116.5
241.6
4.93
-0.06
3.0
0.021
0.0339595
22.26
119.8
242.6
4.9
-0.09
3.0
0.025
0.0342314
22.28
122.2
242.8
4.9
-0.1
3.0
0.022
0.0394169
22.22
123.8
242.2
4.97
-0.02
3.0
0.02
0.0344657
22.19
125.7
241.9
4.98
-0.01
3.0
0.026
0.0429879
22.23
128.3
242.3
4.99
-0.01
3.0
0.031
0.0368604
22.27
130.9
242.6
5.05
0.05
3.0
0.041
0.0467616
22.35
133.9
243.4
5.07
0.08
3.0
0.03
0.0364875
22.24
135.0
242.2
5.05
0.06
3.0
0.042
0.0698651
22.31
137.9
242.9
5.03
0.04
3.0
0.054
0.0824535
22.35
140.5
243.3
4.89
-0.1
3.0
0.061
0.0967717
22.35
142.6
243.2
5.03
0.04
3.0
0.057
0.123826
22.2
143.3
241.7
5.01
0.03
3.0
0.072
0.119808
22.25
146.0
242.1
4.98
-0.01
3.0
0.089
0.132456
22.34
149.0
242.9
5.04
0.06
3.0
0.105
0.181845
22.35
151.2
242.9
5.0
0.02
3.0
0.116
0.180399
22.32
153.0
242.5
5.06
0.08
3.0
0.123
0.147268
22.33
155.2
242.5
5.05
0.07
3.0
0.126
0.131852
22.35
157.6
242.5
4.89
-0.09
3.0
0.133
0.125315
22.42
160.4
243.2
5.05
0.07
3.0
0.127
0.128265
22.36
161.9
242.4
5.05
0.07
3.0
0.122
0.152742
22.28
163.2
241.5
5.08
0.1
3.0
0.131
0.138419
22.36
166.1
242.2
4.97
-0.01
3.0
0.126
0.0948522
22.37
168.3
242.1
4.98
-0.0
3.0
0.114
0.093586
22.33
170.0
241.5
5.01
0.03
3.0
0.118
0.0508734
22.48
173.6
242.9
4.93
-0.06
3.0
0.101
-0.0245686
22.54
176.3
243.4
5.05
0.06
3.0
0.062
-0.0585656
22.4
177.2
242.0
4.94
-0.04
3.0
0.042
-0.0178252
22.37
179.0
241.6
5.06
0.07
3.0
0.022
-0.0607374
22.36
181.1
241.5
5.1
0.1
3.0
0.014
-0.0822973
22.47
184.4
242.5
4.96
-0.03
3.0
-0.017
-0.132238
22.4
186.0
241.8
4.96
-0.04
3.0
-0.043
-0.186732
22.43
188.6
242.2
4.9
-0.1
3.0
-0.071
-0.150252
22.36
190.2
241.5
4.94
-0.06
3.0
-0.087
-0.221333
22.44
193.4
242.5
5.08
0.07
3.0
-0.097
-0.185953
22.53
196.5
243.4
5.07
0.06
3.0
-0.127
-0.199991
22.38
197.4
242.1
5.09
0.08
3.0
-0.154
-0.288123
22.36
199.6
241.9
5.05
0.04
3.0
-0.162
-0.252211
22.47
203.1
243.2
5.09
0.07
3.0
-0.198
-0.278764
22.28
203.6
241.5
4.9
-0.11
3.0
-0.201
-0.302007
22.43
207.5
243.2
5.04
0.03
3.0
-0.23
-0.298342
22.29
208.6
242.0
5.0
-0.02
3.0
-0.24
-0.267898
22.25
210.7
241.9
5.03
0.01
3.0
-0.231
-0.261112
22.38
214.4
243.4
5.01
-0.0
3.0
-0.236
-0.233963
22.31
216.2
243.0
5.01
-0.01
3.0
-0.24
-0.238901
22.25
218.0
242.6
4.94
-0.07
3.0
-0.248
-0.258364
22.18
219.8
242.1
4.97
-0.04
3.0
-0.232
-0.204918
22.27
223.2
243.3
4.9
-0.11
3.0
-0.23
-0.138575
22.12
224.1
242.0
4.96
-0.05
3.0
-0.216
-0.1782
22.14
226.8
242.4
4.93
-0.07
3.0
-0.198
-0.128792
22.17
229.5
242.9
4.91
-0.08
3.0
-0.185
-0.108551
22.13
231.5
242.7
4.95
-0.03
3.0
-0.165
-0.0241458
22.05
233.1
242.1
4.9
-0.08
3.0
-0.142
-0.0325867
22.04
235.3
242.1
5.02
0.05
3.0
-0.106
0.042416
22.09
238.2
242.8
4.85
-0.11
3.0
-0.084
0.0349038
22.04
240.0
242.4
4.89
-0.06
3.0
-0.052
0.0545153
22.12
243.1
243.3
4.89
-0.06
3.0
-0.027
0.103234
22.09
245.0
243.0
4.95
0.01
3.0
-0.012
0.0916523
22.01
246.5
242.2
4.88
-0.05
3.0
0.02
0.192588
22.01
248.6
242.2
4.99
0.06
3.0
0.058
0.22145
22.05
251.2
242.5
4.89
-0.03
3.0
0.073
0.168647
21.99
252.7
241.8
4.97
0.06
3.0
0.119
0.263009
22.15
256.5
243.4
4.92
0.02
3.0
0.12
0.209047
21.97
256.7
241.5
4.82
-0.08
3.0
0.153
0.230102
22.14
260.5
243.0
4.89
0.0
3.0
0.165
0.243849
22.11
262.2
242.5
4.87
-0.02
3.0
0.181
0.198676
22.2
265.1
243.3
4.91
0.02
3.0
0.188
0.211869
22.21
267.3
243.2
4.95
0.07
3.0
0.181
0.22724
22.08
268.0
241.7
5.0
0.13
3.0
0.198
0.195606
22.23
271.6
243.0
4.95
0.08
3.0
0.187
0.207492
22.11
272.4
241.6
5.0
0.12
3.0
0.2
0.206198
22.24
275.7
242.7
4.92
0.04
3.0
0.201
0.181189
22.27
278.1
242.9
4.93
0.05
3.0
0.192
0.13763
22.28
280.2
242.8
4.93
0.04
3.0
0.174
0.1471
22.2
281.4
241.8
4.92
0.04
3.0
0.163
0.0649419
22.27
284.2
242.3
4.94
0.06
3.0
0.147
0.0256277
22.36
287.1
243.0
4.93
0.04
3.0
0.125
0.00424394
22.38
289.4
243.1
5.01
0.12
3.0
0.099
-0.0107147
22.35
291.3
242.8
4.97
0.07
3.0
0.079
-0.0342908
22.39
293.8
243.0
4.95
0.04
3.0
0.056
-0.0936168
22.44
296.4
243.4
5.05
0.14
3.0
0.023
-0.117741
22.39
298.2
243.0
4.87
-0.05
3.0
-0.015
-0.141211
22.29
299.4
241.9
5.06
0.13
3.0
-0.042
-0.183173
22.31
301.9
242.1
4.94
0.0
3.0
-0.057
-0.190795
22.43
305.3
243.4
5.01
0.06
3.0
-0.09
-0.21895
22.35
306.8
242.7
4.94
-0.01
3.0
-0.124
-0.23645
22.25
308.2
241.8
5.05
0.09
3.0
-0.141
-0.234372
22.28
310.9
242.3
4.89
-0.08
3.0
-0.166
-0.271032
22.25
312.9
242.0
5.01
0.04
3.0
-0.183
-0.233991
22.2
314.9
241.8
5.03
0.05
3.0
-0.178
-0.220932
22.33
318.5
243.2
4.91
-0.07
3.0
-0.199
-0.198897
22.14
319.0
241.5
5.08
0.09
3.0
-0.19
-0.225907
22.27
322.8
243.0
4.9
-0.09
3.0
-0.211
-0.244132
22.12
323.7
241.7
4.93
-0.06
3.0
-0.204
-0.236913
22.24
327.4
243.1
5.04
0.04
3.0
-0.215
-0.230911
22.15
328.9
242.5
4.89
-0.1
3.0
-0.23
-0.23728
22.03
330.1
241.5
5.0
0.0
3.0
-0.225
-0.191219
22.03
332.5
241.6
4.87
-0.12
3.0
-0.212
-0.158327
22.06
335.2
242.2
5.0
0.01
3.0
-0.201
-0.099614
21.98
336.8
241.6
4.97
-0.02
3.0
-0.176
-0.0881869
22.03
339.8
242.3
4.95
-0.04
3.0
-0.157
-0.0388167
21.98
341.6
242.0
4.9
-0.08
3.0
-0.137
-0.0374932
21.97
343.9
242.0
4.89
-0.1
3.0
-0.104
0.0498941
22.0
346.5
242.4
4.93
-0.04
3.0
-0.076
0.0507923
21.99
348.7
242.4
5.01
0.03
3.0
-0.055
0.0752008
21.94
350.4
241.9
4.86
-0.11
3.0
-0.026
0.0880153
21.99
353.1
242.5
4.9
-0.06
3.0
-0.002
0.14051
21.95
354.9
242.1
4.95
-0.01
3.0
0.03
0.205921
21.93
357.0
241.9
5.01
0.06
3.0
0.064
0.211792
21.96
359.4
242.1
5.04
0.1
3.0
0.099
0.191822
22.09
362.8
243.4
5.01
0.07
3.0
0.122
0.232621
22.08
364.9
243.2
4.91
-0.03
3.0
0.147
0.285462
22.06
366.7
242.8
4.86
-0.08
3.0
0.154
0.235741
21.95
367.7
241.6
4.9
-0.03
3.0
0.18
0.237971
22.1
371.1
242.9
4.96
0.03
3.0
0.186
0.237061
22.06
372.8
242.3
5.03
0.11
3.0
0.2
0.309964
22.02
374.4
241.7
4.93
0.0
3.0
0.221
0.278189
22.11
377.3
242.4
4.87
-0.06
3.0
0.224
0.253874
22.09
379.1
241.9
4.9
-0.03
3.0
0.242
0.248758
22.24
382.6
243.3
5.05
0.12
3.0
0.233
0.189754
22.23
384.4
242.9
4.92
-0.01
3.0
0.221
0.224761
22.15
385.6
241.8
4.94
0.01
3.0
0.217
0.181985
22.19
388.0
242.0
4.99
0.05
3.0
0.227
0.204706
22.33
391.5
243.3
4.94
-0.0
3.0
0.203
0.154768
22.21
392.3
241.8
5.0
0.05
3.0
0.202
0.117214
22.36
395.8
243.1
5.09
0.15
3.0
0.182
0.0716759
22.38
398.0
243.1
5.04
0.08
3.0
0.146
0.0349142
22.26
398.9
241.8
5.07
0.1
3.0
0.123
0.0201607
22.28
401.2
241.8
5.01
0.04
3.0
0.105
0.0258726
22.29
403.5
241.9
5.04
0.06
3.0
0.096
-0.026879
22.44
407.0
243.2
4.94
-0.04
3.0
0.07
-0.0792234
22.46
409.4
243.3
5.0
0.01
3.0
0.038
-0.132525
22.47
411.7
243.4
5.02
0.02
3.0
0.003
-0.121766
22.4
413.2
242.6
5.12
0.12
3.0
-0.03
-0.19176
22.39
415.4
242.6
5.11
0.09
3.0
-0.061
-0.173086
22.33
417.1
242.1
5.0
-0.02
3.0
-0.083
-0.237202
22.41
420.2
242.9
4.98
-0.06
3.0
-0.109
-0.243858
22.42
422.6
243.1
5.05
0.01
3.0
-0.145
-0.262476
22.3
423.8
242.1
5.03
-0.02
3.0
-0.152
-0.204207
22.36
426.8
242.8
5.1
0.04
3.0
-0.176
-0.220124
22.22
427.8
241.6
5.01
-0.05
3.0
-0.194
-0.282702
22.21
430.1
241.6
5.08
0.02
3.0
-0.206
-0.291359
22.26
433.0
242.4
5.11
0.05
3.0
-0.211
-0.225939
22.26
435.4
242.5
5.01
-0.06
3.0
-0.219
-0.22999
22.2
437.2
242.1
5.02
-0.05
3.0
-0.225
-0.237846
22.15
439.2
241.9
5.01
-0.06
3.0
-0.221
-0.229464
22.2
442.2
242.6
5.1
0.03
3.0
-0.207
-0.157205
22.24
445.0
243.2
5.07
0.0
3.0
-0.207
-0.133448
22.09
445.9
241.9
5.01
-0.06
3.0
-0.199
-0.128708
22.03
447.7
241.5
5.02
-0.04
3.0
-0.168
-0.0707522
22.14
451.2
242.8
4.99
-0.07
3.0
-0.159
-0.108893
22.08
453.0
242.4
5.11
0.05
3.0
-0.133
0.0121095
22.08
455.3
242.5
5.02
-0.04
3.0
-0.099
0.0382063
22.12
458.0
243.0
5.07
0.02
3.0
-0.076
0.00297814
22.13
460.5
243.3
4.94
-0.11
3.0
-0.055
0.0472129
22.12
462.6
243.1
4.99
-0.05
3.0
-0.043
0.0724808
22.01
463.8
242.1
5.08
0.05
3.0
-0.01
0.131482
22.06
466.5
242.6
4.98
-0.05
3.0
0.015
0.0985173
22.09
469.0
243.0
5.09
0.07
3.0
0.035
0.166588
22.04
470.7
242.4
5.01
-0.0
3.0
0.059
0.181401
22.02
472.7
242.2
4.93
-0.08
3.0
0.1
0.236379
22.15
476.1
243.4
4.94
-0.06
3.0
0.122
0.252521
22.09
477.6
242.7
5.09
0.09
3.0
0.139
0.19923
22.1
479.8
242.7
5.1
0.11
3.0
0.151
0.251644
22.05
481.3
242.0
4.95
-0.04
3.0
0.173
0.235979
22.13
484.2
242.7
4.91
-0.08
3.0
0.193
0.302039
22.13
486.2
242.5
4.98
0.0
3.0
0.204
0.275357
22.1
487.9
241.9
5.06
0.08
3.0
0.221
0.233951
22.22
491.1
242.9
5.01
0.03
3.0
0.226
0.254978
22.23
493.2
242.8
5.02
0.04
3.0
0.218
0.182302
22.2
494.9
242.4
4.92
-0.06
3.0
0.21
0.225224
22.15
496.4
241.6
5.1
0.12
3.0
0.21
0.142602
22.26
499.5
242.5
4.97
-0.02
3.0
0.196
0.134651
22.27
501.7
242.4
5.11
0.12
3.0
0.173
0.0955174
22.21
503.1
241.6
5.02
0.03
3.0
0.171
0.0635248
22.41
507.1
243.4
4.97
-0.02
3.0
0.144
0.0940648
22.28
507.9
242.0
4.99
-0.01
3.0
0.134
0.064388
22.32
510.5
242.3
5.11
0.11
3.0
0.107
0.00918112
22.26
512.0
241.6
5.05
0.04
3.0
0.094
-0.00711523
22.36
515.1
242.4
4.98
-0.04
3.0
0.086
-0.00653189
22.46
518.2
243.3
5.09
0.07
3.0
0.055
-0.0308423
22.34
519.2
242.1
5.09
0.06
3.0
0.032
-0.0679402
22.33
521.3
241.9
5.09
0.05
3.0
0.01
-0.128815
22.39
524.1
242.5
5.12
0.07
3.0
-0.017
-0.178066
22.43
526.7
242.9
5.05
-0.01
3.0
-0.039
-0.125161
22.41
528.8
242.8
5.11
0.05
3.0
-0.07
-0.213478
22.37
530.7
242.4
5.12
0.05
3.0
-0.104
-0.260002
22.36
532.9
242.3
5.01
-0.06
3.0
-0.124
-0.180758
22.32
534.8
242.1
5.01
-0.07
3.0
-0.148
-0.260434
22.29
537.0
241.9
5.07
-0.01
3.0
-0.158
-0.211091
22.33
539.7
242.4
4.99
-0.1
3.0
-0.179
-0.251067
22.25
541.4
241.9
5.14
0.05
3.0
-0.181
-0.235142
22.34
544.6
242.9
5.01
-0.09
3.0
-0.197
-0.256354
22.28
546.5
242.5
5.14
0.04
3.0
-0.205
-0.200746
22.22
548.3
242.1
5.04
-0.06
3.0
-0.192
-0.179126
22.31
551.6
243.2
5.1
-0.0
3.0
-0.197
-0.23887
22.29
553.8
243.2
5.05
-0.05
3.0
-0.209
-0.164853
22.11
554.5
241.6
5.12
0.02
3.0
-0.179
-0.110073
22.26
558.3
243.3
4.98
-0.12
3.0
-0.161
-0.075309
22.24
560.5
243.3
5.15
0.06
3.0
-0.141
-0.048781
22.23
562.8
243.3
4.99
-0.11
3.0
-0.135
-0.109395
22.18
564.7
243.0
5.1
0.01
3.0
-0.13
-0.082056
22.13
566.5
242.6
5.0
-0.09
3.0
-0.114
0.00612793
22.07
568.2
242.1
4.99
-0.09
3.0
-0.101
-0.016911
22.01
570.0
241.7
4.95
-0.12
3.0
-0.064
0.0959453
22.09
573.1
242.5
5.0
-0.07
3.0
-0.031
0.0991795
22.12
575.6
242.9
4.98
-0.08
3.0
-0.022
0.0676979
22.02
576.8
241.9
5.12
0.06
3.0
-0.002
0.129726
21.98
578.6
241.5
4.96
-0.08
3.0
0.025
0.115983
22.05
581.5
242.1
5.04
-0.0
3.0
0.059
0.158176
22.18
585.0
243.4
4.96
-0.07
3.0
0.078
0.170374
22.16
587.0
243.2
4.95
-0.07
3.0
0.098
0.19579
22.14
588.9
242.9
5.0
-0.03
3.0
0.114
0.255435
22.05
590.1
241.9
5.0
-0.02
3.0
0.153
0.280397
22.16
593.3
242.9
4.95
-0.06
3.0
0.18
0.294166
22.19
595.6
243.0
4.98
-0.03
3.0
0.183
0.219523
22.12
597.0
242.2
5.04
0.04
3.0
0.198
0.214146
22.24
600.2
243.1
4.95
-0.05
3.0
0.212
0.282245
22.25
602.3
243.0
5.07
0.08
3.0
0.218
0.26746
22.21
603.9
242.4
5.1
0.1
3.0
0.226
0.203501
22.3
606.8
243.1
5.12
0.12
3.0
0.21
0.207254
22.18
607.6
241.7
4.93
-0.06
3.0
0.208
0.150269
22.28
610.6
242.4
5.05
0.05
3.0
0.203
0.146336
22.35
613.4
243.0
5.09
0.09
3.0
0.19
0.113153
22.37
615.6
243.0
5.0
0.0
3.0
0.184
0.145287
22.41
618.0
243.1
4.97
-0.04
3.0
0.164
0.105424
22.33
619.3
242.2
5.01
-0.0
3.0
0.15
-0.00124133
22.46
622.7
243.4
5.12
0.11
3.0
0.13
0.0461271
22.46
624.8
243.2
5.0
-0.02
3.0
0.085
-0.0598977
22.3
625.3
241.5
5.06
0.03
3.0
0.074
-0.0417759
22.45
629.0
242.9
4.96
-0.07
3.0
0.049
-0.0698798
22.44
631.1
242.8
4.97
-0.07
3.0
0.021
-0.0643768
22.36
632.5
242.0
5.02
-0.02
3.0
-0.002
-0.0927054
22.34
634.5
241.7
4.99
-0.06
3.0
-0.016
-0.174422
22.49
638.2
243.2
5.05
-0.01
3.0
-0.049
-0.205795
22.47
640.3
243.1
5.04
-0.02
3.0
-0.072
-0.197286
22.49
642.8
243.3
5.12
0.05
3.0
-0.102
-0.218318
22.42
644.5
242.8
4.99
-0.09
3.0
-0.123
-0.268467
22.47
647.4
243.4
5.08
-0.0
3.0
-0.159
-0.232699
22.3
648.0
241.8
5.06
-0.03
3.0
-0.176
-0.29348
22.35
650.9
242.4
5.11
0.02
3.0
-0.189
-0.226301
22.32
653.1
242.4
5.02
-0.07
3.0
-0.191
-0.211336
22.34
655.7
242.7
5.05
-0.05
3.0
-0.205
-0.199076
22.19
656.6
241.5
5.02
-0.08
3.0
-0.197
-0.208814
22.29
660.0
242.6
5.15
0.05
3.0
-0.197
-0.251543
22.35
663.0
243.4
5.05
-0.04
3.0
-0.215
-0.226191
22.2
663.9
242.1
5.07
-0.02
3.0
-0.197
-0.161483
22.3
667.4
243.4
5.05
-0.05
3.0
-0.194
-0.185292
22.27
669.6
243.3
5.05
-0.04
3.0
-0.189
-0.0952914
22.15
670.8
242.3
4.99
-0.1
3.0
-0.172
-0.109294
22.16
673.3
242.6
5.0
-0.08
3.0
-0.16
-0.041983
22.06
674.7
241.7
5.03
-0.05
3.0
-0.122
-0.0301865
22.22
678.6
243.4
5.04
-0.03
3.0
-0.111
0.00236297
22.1
679.7
242.3
4.98
-0.08
3.0
-0.103
-0.0287274
22.01
681.2
241.6
5.11
0.05
3.0
-0.066
0.0514813
22.15
684.8
243.0
4.96
-0.1
3.0
-0.049
0.0991425
22.02
685.8
241.8
5.06
0.01
3.0
-0.021
0.0809596
22.07
688.5
242.4
4.97
-0.07
3.0
0.008
0.126115
22.12
691.2
242.8
4.96
-0.07
3.0
0.019
0.122562
22.02
692.4
241.8
5.09
0.06
3.0
0.041
0.134221
22.05
694.9
242.1
5.0
-0.01
3.0
0.054
0.156612
22.0
696.5
241.5
5.07
0.06
3.0
0.087
0.238971
22.05
699.2
241.9
5.08
0.08
3.0
0.104
0.18368
22.04
701.2
241.8
5.02
0.03
3.0
0.119
0.207927
22.03
703.2
241.5
4.95
-0.04
3.0
0.151
0.22394
22.19
706.9
243.0
4.9
-0.08
3.0
0.151
0.230211
22.05
707.6
241.5
4.94
-0.04
3.0
0.18
0.212767
22.26
711.6
243.4
5.03
0.06
3.0
0.168
0.190857
22.1
712.1
241.6
4.93
-0.04
3.0
0.174
0.192817
22.14
714.6
241.9
4.98
0.01
3.0
0.194
0.227214
22.28
718.0
243.1
5.09
0.11
3.0
0.191
0.194082
22.24
719.6
242.4
4.93
-0.04
3.0
0.191
0.177859
22.27
722.0
242.6
5.03
0.06
3.0
0.188
0.116981
22.36
724.9
243.3
5.0
0.03
3.0
0.158
0.0735129
22.25
725.8
242.0
5.0
0.03
3.0
0.156
0.119525
22.33
728.7
242.6
4.97
-0.01
3.0
0.134
0.0705428
22.24
729.9
241.6
5.02
0.04
3.0
0.129
0.0808091
22.32
732.8
242.2
5.11
0.12
3.0
0.108
-0.0340138
22.37
735.4
242.6
4.94
-0.05
3.0
0.074
-0.0318975
22.29
736.7
241.7
5.07
0.08
3.0
0.051
-0.0424042
22.28
738.8
241.6
5.06
0.06
3.0
0.041
-0.0470036
22.36
741.8
242.4
4.98
-0.03
3.0
0.009
-0.108062
22.29
743.3
241.6
5.02
0.01
3.0
-0.01
-0.160109
22.4
746.7
242.7
5.0
-0.02
3.0
-0.023
-0.110613
22.46
749.5
243.3
5.12
0.09
3.0
-0.054
-0.155193
22.35
750.7
242.3
5.13
0.1
3.0
-0.07
-0.177289
22.4
753.5
242.8
5.07
0.03
3.0
-0.091
-0.237184
22.45
756.3
243.4
4.99
-0.06
3.0
-0.12
-0.230271
22.39
758.1
242.9
5.05
0.0
3.0
-0.15
-0.251477
22.3
759.5
242.2
5.12
0.06
3.0
-0.154
-0.192475
22.36
762.5
242.9
5.02
-0.04
3.0
-0.169
-0.206279
22.28
764.1
242.2
5.11
0.05
3.0
-0.18
-0.2006
22.21
765.9
241.8
5.01
-0.06
3.0
-0.179
-0.180605
22.23
768.4
242.2
4.98
-0.09
3.0
-0.186
-0.223226
22.22
770.8
242.2
5.04
-0.03
3.0
-0.179
-0.179194
22.29
773.9
243.1
4.98
-0.09
3.0
-0.188
-0.136614
22.12
774.5
241.6
5.11
0.04
3.0
-0.179
-0.143937
22.12
777.0
241.8
4.97
-0.1
3.0
-0.176
-0.150463
22.11
779.2
241.8
5.05
-0.02
3.0
-0.174
-0.153135
22.09
781.4
241.8
5.1
0.04
3.0
-0.161
-0.104711
22.12
784.1
242.2
5.0
-0.06
3.0
-0.152
-0.115342
22.11
786.4
242.4
5.11
0.05
3.0
-0.132
-0.0820637
22.19
789.5
243.3
4.95
-0.11
3.0
-0.117
-0.0181211
22.15
791.4
242.9
5.1
0.05
3.0
-0.091
0.0380851
22.13
793.6
242.9
5.02
-0.03
3.0
-0.074
0.0641947
22.02
794.8
241.9
5.02
-0.02
3.0
-0.058
0.0334906
21.98
796.7
241.6
4.92
-0.11
3.0
-0.019
0.0963654
22.13
800.4
243.1
5.01
-0.02
3.0
0.006
0.111584
22.14
802.7
243.2
5.0
-0.02
3.0
0.017
0.144953
22.01
803.6
241.9
4.95
-0.06
3.0
0.034
0.128613
21.98
805.5
241.6
4.91
-0.09
3.0
0.062
0.211359
21.99
807.7
241.6
5.03
0.04
3.0
0.091
0.193129
22.06
810.5
242.2
4.93
-0.06
3.0
0.113
0.25029
22.03
812.3
241.8
5.05
0.06
3.0
0.127
0.193408
22.02
814.3
241.6
4.92
-0.06
3.0
0.154
0.217206
22.17
817.8
242.9
4.95
-0.03
3.0
0.173
0.238881
22.22
820.4
243.3
5.06
0.09
3.0
0.169
0.226775
22.07
821.0
241.6
5.02
0.05
3.0
0.193
0.218709
22.24
824.8
243.1
5.04
0.07
3.0
0.184
0.208253
22.12
825.6
241.7
4.9
-0.06
3.0
0.201
0.198076
22.29
829.2
243.2
4.92
-0.04
3.0
0.202
0.240498
22.24
830.8
242.5
4.92
-0.05
3.0
0.195
0.163651
22.22
832.6
242.1
4.9
-0.06
3.0
0.192
0.107981
22.34
835.9
243.2
5.0
0.03
3.0
0.166
0.0949548
22.26
837.1
242.1
5.04
0.07
3.0
0.153
0.0894898
22.27
839.3
242.1
5.02
0.05
3.0
0.131
0.0424194
22.25
841.1
241.7
5.02
0.04
3.0
0.124
-0.00492094
22.42
845.0
243.4
4.99
0.01
3.0
0.093
-0.0192267
22.36
846.5
242.6
4.98
-0.01
3.0
0.065
-0.0446902
22.31
848.2
242.1
4.98
-0.02
3.0
0.048
-0.0290386
22.33
850.5
242.2
4.97
-0.03
3.0
0.015
-0.116571
22.26
852.1
241.5
5.06
0.05
3.0
0.006
-0.125218
22.44
856.1
243.3
5.09
0.08
3.0
-0.015
-0.0916872
22.4
857.9
242.9
5.12
0.1
3.0
-0.037
-0.144267
22.38
860.0
242.7
5.09
0.06
3.0
-0.049
-0.134756
22.43
862.7
243.2
4.99
-0.04
3.0
-0.082
-0.241016
22.39
864.6
242.9
5.04
0.01
3.0
-0.118
-0.202547
22.25
865.6
241.6
4.95
-0.09
3.0
-0.131
-0.211373
22.28
868.3
242.0
5.1
0.05
3.0
-0.137
-0.23548
22.4
871.8
243.3
5.08
0.03
3.0
-0.162
-0.231193
22.29
873.1
242.5
4.97
-0.09
3.0
-0.177
-0.273471
22.32
875.8
242.9
5.04
-0.02
3.0
-0.179
-0.194978
22.34
878.4
243.3
5.15
0.08
3.0
-0.195
-0.215131
22.21
879.5
242.1
5.05
-0.01
3.0
-0.192
-0.20085
22.25
882.4
242.8
5.12
0.06
3.0
-0.197
-0.224633
22.23
884.5
242.7
5.1
0.03
3.0
-0.195
-0.192983
22.24
887.1
243.1
4.98
-0.09
3.0
-0.194
-0.1834
22.2
889.1
242.9
5.12
0.05
3.0
-0.194
-0.128668
22.09
890.4
241.9
5.01
-0.06
3.0
-0.169
-0.0768101
22.14
893.3
242.7
5.1
0.03
3.0
-0.153
-0.10139
22.16
895.9
243.0
4.99
-0.07
3.0
-0.135
-0.0602393
22.17
898.3
243.2
4.99
-0.07
3.0
-0.131
-0.0422994
22.03
899.3
242.0
5.05
-0.0
3.0
-0.12
-0.0265448
21.97
901.0
241.5
5.03
-0.02
3.0
-0.095
0.0171848
22.0
903.6
241.9
4.92
-0.12
3.0
-0.058
0.0856543
22.07
906.6
242.7
5.06
0.03
3.0
-0.03
0.11642
22.04
908.6
242.4
5.0
-0.03
3.0
0.001
0.107325
22.11
911.4
243.1
5.0
-0.02
3.0
0.01
0.10826
21.99
912.5
241.9
4.99
-0.03
3.0
0.033
0.167563
21.97
914.4
241.7
4.98
-0.03
3.0
0.077
0.236434
22.1
917.8
242.9
5.05
0.05
3.0
0.098
0.183023
22.1
920.0
242.8
5.09
0.09
3.0
0.12
0.221082
22.11
922.1
242.8
5.05
0.05
3.0
0.15
0.279787
22.15
924.7
243.1
5.03
0.03
3.0
0.169
0.220957
22.19
927.1
243.4
4.91
-0.07
3.0
0.186
0.289963
22.16
928.9
242.9
5.03
0.04
3.0
0.202
0.302374
22.12
930.5
242.3
5.01
0.03
3.0
0.212
0.290314
22.08
932.0
241.6
4.96
-0.02
3.0
0.223
0.271042
22.1
934.3
241.6
4.97
-0.01
3.0
0.232
0.262841
22.15
936.7
241.9
5.04
0.06
3.0
0.233
0.256348
22.14
938.7
241.6
5.11
0.13
3.0
0.232
0.201971
22.19
941.2
241.9
5.02
0.04
3.0
0.225
0.148708
22.28
944.0
242.5
5.07
0.09
3.0
0.213
0.210403
22.23
945.5
241.8
4.97
-0.01
3.0
0.211
0.178891
22.28
948.0
242.1
5.0
0.01
3.0
0.208
0.12049
22.41
951.3
243.1
5.08
0.09
3.0
0.17
0.0711721
22.26
951.9
241.5
5.08
0.08
3.0
0.145
-0.000942544
22.31
954.5
241.8
5.08
0.08
3.0
0.119
0.00432965
22.33
956.8
241.8
4.96
-0.05
3.0
0.11
0.0141607
22.46
960.2
243.0
5.04
0.03
3.0
0.07
-0.0931088
22.37
961.4
242.0
5.09
0.07
3.0
0.045
-0.105807
22.44
964.3
242.7
4.97
-0.06
3.0
0.015
-0.0735961
22.36
965.8
241.9
4.97
-0.06
3.0
-0.017
-0.162443
22.33
967.7
241.6
5.07
0.03
3.0
-0.048
-0.183362
22.33
969.9
241.6
5.02
-0.03
3.0
-0.064
-0.178466
22.42
973.1
242.5
5.06
0.01
3.0
-0.091
-0.22573
22.41
975.4
242.5
4.99
-0.07
3.0
-0.102
-0.176038
22.46
978.2
243.2
4.99
-0.08
3.0
-0.131
-0.193891
22.31
979.0
241.7
4.99
-0.08
3.0
-0.135
-0.229649
22.43
982.7
243.1
5.16
0.08
3.0
-0.15
-0.195454
22.38
984.5
242.7
5.11
0.03
3.0
-0.159
-0.218503
22.39
987.0
243.0
5.02
-0.07
3.0
-0.175
-0.223481
22.33
988.8
242.5
5.1
0.02
3.0
-0.177
-0.210966
22.36
991.5
243.0
5.04
-0.05
3.0
-0.189
-0.224253
22.3
993.4
242.6
5.05
-0.04
3.0
-0.197
-0.164417
22.18
994.6
241.6
4.96
-0.13
3.0
-0.198
-0.239667
22.22
997.4
242.2
5.07
-0.02
3.0
-0.196
-0.218243
22.28
1000.4
243.0
5.04
-0.05
3.0
-0.199
-0.162522
22.19
1002.0
242.3
5.12
0.03
3.0
-0.191
-0.157592
22.19
1004.3
242.5
5.12
0.04
3.0
-0.189
-0.122774
22.09
1005.7
241.7
5.11
0.03
3.0
-0.174
-0.0742676
22.05
1007.8
241.5
4.98
-0.09
3.0
-0.154
-0.0550184
22.05
1010.2
241.7
5.07
0.01
3.0
-0.136
-0.0380065
22.04
1012.3
241.6
4.96
-0.1
3.0
-0.109
-0.0211995
22.11
1015.4
242.5
5.0
-0.06
3.0
-0.096
0.0335168
22.0
1016.6
241.5
5.0
-0.04
3.0
-0.047
0.101382
22.18
1020.7
243.4
4.94
-0.09
3.0
-0.013
0.13489
22.18
1023.0
243.4
5.04
0.01
3.0
0.016
0.165113
22.15
1024.8
243.1
5.09
0.06
3.0
0.044
0.197558
22.11
1026.6
242.6
5.02
0.0
3.0
0.073
0.214114
22.1
1028.7
242.5
4.94
-0.07
3.0
0.096
0.244509
22.04
1030.2
241.8
4.98
-0.02
3.0
0.126
0.174758
22.19
1033.8
243.2
4.88
-0.11
3.0
0.147
0.265493
22.19
1035.8
243.0
4.97
-0.02
3.0
0.169
0.262874
22.19
1037.9
242.9
5.07
0.09
3.0
0.182
0.25338
22.17
1039.8
242.6
4.94
-0.04
3.0
0.202
0.288355
22.2
1042.1
242.7
4.92
-0.05
3.0
0.207
0.20508
22.22
1044.4
242.7
4.93
-0.04
3.0
0.209
0.261118
22.18
1045.9
242.0
5.04
0.08
3.0
0.216
0.207843
22.26
1048.7
242.6
4.98
0.02
3.0
0.208
0.224288
22.18
1049.9
241.6
4.97
0.0
3.0
0.227
0.239123
22.34
1053.6
243.0
4.93
-0.03
3.0
0.214
0.188022
22.27
1054.9
242.1
5.0
0.04
3.0
0.215
0.19828
22.33
1057.5
242.5
5.04
0.07
3.0
0.21
0.168486
22.36
1059.8
242.6
4.95
-0.01
3.0
0.201
0.0967536
22.46
1062.9
243.4
5.01
0.04
3.0
0.176
0.0336871
22.49
1065.1
243.4
5.05
0.08
3.0
0.141
0.0102013
22.42
1066.6
242.6
4.97
-0.0
3.0
0.122
0.00785492
22.47
1069.2
243.0
5.07
0.09
3.0
0.082
-0.0397091
22.34
1070.0
241.6
5.08
0.1
3.0
0.058
-0.0621693
22.37
1072.5
241.8
4.92
-0.07
3.0
0.039
-0.0901059
22.45
1075.5
242.5
5.09
0.1
3.0
0.013
-0.104414
22.44
1077.6
242.4
5.04
0.03
3.0
-0.019
-0.165914
22.42
1079.6
242.2
4.94
-0.07
3.0
-0.046
-0.213153
22.48
1082.6
242.9
5.1
0.09
3.0
-0.077
-0.219946
22.46
1084.7
242.8
5.1
0.09
3.0
-0.169
-0.665083
22.5
1087.4
243.3
5.12
0.1
3.0
-0.269
-0.67713
22.37
1088.6
242.2
5.1
0.1
3.0
-0.34
-0.658163
22.36
1091.0
242.4
5.11
0.12
3.0
-0.404
-0.648927
22.25
1092.5
241.7
5.11
0.14
3.0
-0.448
-0.672083
22.26
1095.3
242.2
4.94
-0.03
3.0
-0.492
-0.675214
22.19
1097.3
242.0
5.1
0.15
3.0
-0.53
-0.660607
22.09
1099.0
241.5
4.96
0.02
3.0
-0.537
-0.625563
22.18
1102.7
242.9
5.08
0.16
3.0
-0.547
-0.607168
22.16
1105.3
243.3
5.11
0.2
3.0
-0.566
-0.599658
22.01
1106.5
242.3
5.07
0.16
3.0
-0.576
-0.562092
21.87
1107.9
241.5
5.04
0.15
3.0
-0.549
-0.468111
21.96
1111.6
243.0
5.07
0.18
3.0
-0.524
-0.407136
21.93
1113.9
243.2
5.27
0.38
3.0
-0.51
-0.432287
21.84
1115.8
242.8
5.21
0.32
3.0
-0.502
-0.371669
21.65
1116.6
241.5
5.27
0.37
3.0
-0.472
-0.337971
21.65
1119.2
241.9
5.31
0.41
3.0
-0.428
-0.270044
21.73
1122.6
243.2
5.22
0.31
3.0
-0.402
-0.205263
21.57
1123.6
242.0
5.29
0.36
3.0
-0.345
-0.146383
21.68
1127.2
243.4
5.38
0.44
3.0
-0.311
-0.153816
21.64
1129.3
243.3
5.34
0.38
3.0
-0.283
-0.0782735
21.48
1130.2
242.1
5.4
0.42
3.0
-0.252
-0.10115
21.45
1132.3
242.0
5.51
0.5
3.0
-0.204
-0.0303671
21.55
1135.6
243.2
5.55
0.52
3.0
-0.177
-0.0131701
21.46
1137.0
242.5
5.75
0.68
3.0
-0.137
0.0906003
21.4
1138.8
242.1
5.66
0.56
3.0
-0.092
0.113874
21.41
1141.1
242.3
5.84
0.7
3.0
-0.063
0.0863539
21.36
1142.9
241.9
5.8
0.62
3.0
-0.017
0.123779
21.51
1146.5
243.4
5.95
0.72
3.0
-0.002
0.146448
21.35
1147.1
241.9
6.04
0.76
3.0
0.039
0.206107
21.42
1149.9
242.5
5.98
0.65
3.0
0.066
0.168573
21.45
1152.3
242.7
6.2
0.82
3.0
0.098
0.221457
21.51
1155.0
243.3
6.22
0.78
3.0
0.108
0.162352
21.46
1156.5
242.7
6.35
0.85
3.0
0.12
0.163854
21.49
1158.8
242.9
6.38
0.82
3.0
0.112
0.132818
21.37
1159.7
241.6
6.35
0.72
3.0
0.137
0.160324
21.57
1163.6
243.4
6.46
0.76
3.0
0.144
0.169516
21.57
1165.7
243.3
6.51
0.74
3.0
0.126
0.107203
21.43
1166.3
241.7
6.71
0.88
3.0
0.135
0.098682
21.59
1169.9
243.2
6.82
0.91
3.0
0.116
0.0808295
21.49
1170.9
242.1
6.86
0.88
3.0
0.111
0.102944
21.48
1172.9
241.9
6.97
0.9
3.0
0.11
0.0865771
21.52
1175.4
242.2
6.97
0.82
3.0
0.1
0.0112082
21.58
1178.0
242.7
7.03
0.8
3.0
0.072
-0.0525506
21.55
1179.8
242.3
7.21
0.9
3.0
0.057
-0.037548
21.61
1182.5
242.8
7.24
0.84
3.0
0.02
-0.112118
21.51
1183.6
241.8
7.23
0.75
3.0
0.007
-0.13185
21.66
1187.2
243.3
7.33
0.77
3.0
-0.01
-0.0822395
21.66
1189.4
243.2
7.47
0.82
3.0
-0.036
-0.128788
21.58
1190.8
242.5
7.54
0.8
3.0
-0.061
-0.128353
21.49
1192.1
241.7
7.69
0.87
3.0
-0.08
-0.153383
21.47
1194.1
241.5
7.69
0.78
3.0
-0.085
-0.208811
21.63
1198.0
243.2
7.85
0.86
3.0
-0.117
-0.177469
21.47
1198.6
241.7
7.98
0.89
3.0
-0.113
-0.155519
21.59
1202.1
243.1
8.03
0.86
3.0
-0.133
-0.24656
21.59
1204.3
243.1
8.1
0.85
3.0
-0.164
-0.248468
21.46
1205.4
242.0
8.09
0.75
3.0
-0.171
-0.241574
21.53
1208.4
242.9
8.1
0.68
3.0
-0.184
-0.249101
21.52
1210.6
243.0
8.36
0.86
3.0
-0.184
-0.152645
21.48
1212.5
242.7
8.41
0.82
3.0
-0.181
-0.191241
21.49
1215.0
243.1
8.49
0.82
3.0
-0.194
-0.164545
21.32
1215.6
241.5
8.41
0.65
3.0
-0.182
-0.125901
21.34
1218.1
241.9
8.47
0.64
3.0
-0.159
-0.118711
21.46
1221.6
243.2
8.66
0.75
3.0
-0.143
-0.04912
21.43
1223.6
243.1
8.76
0.77
3.0
-0.13
-0.0675757
21.4
1225.5
242.9
8.81
0.74
3.0
-0.117
-0.0268644
21.34
1227.3
242.5
8.89
0.74
3.0
-0.089
0.048771
21.35
1229.5
242.6
9.02
0.8
3.0
-0.073
0.0550821
21.25
1230.7
241.7
8.95
0.66
3.0
-0.052
0.0488216
21.25
1233.0
241.8
9.15
0.79
3.0
-0.016
0.16219
21.28
1235.4
242.1
9.06
0.62
3.0
0.015
0.14422
21.31
1237.8
242.4
9.17
0.66
3.0
0.042
0.214996
21.25
1239.3
241.8
9.35
0.77
3.0
0.069
0.200067
21.25
1241.4
241.7
9.29
0.64
3.0
0.095
0.202584
21.29
1243.9
242.0
9.48
0.76
3.0
0.124
0.212658
21.39
1246.9
242.9
9.5
0.7
3.0
0.148
0.256031
21.41
1249.1
243.1
9.64
0.78
3.0
0.17
0.278856
21.41
1251.1
242.8
9.63
0.69
3.0
0.202
0.334351
21.46
1253.6
243.2
9.73
0.72
3.0
0.204
0.264724
21.34
1254.3
241.8
9.69
0.62
3.0
0.225
0.311858
21.4
1256.9
242.2
9.93
0.78
3.0
0.242
0.342685
21.4
1258.7
242.0
9.93
0.71
3.0
0.271
0.355117
21.53
1261.9
242.9
9.9
0.62
3.0
0.286
0.326112
21.58
1264.2
243.1
9.95
0.6
3.0
0.287
0.278946
21.59
1266.3
243.0
10.1
0.68
3.0
0.276
0.305925
21.47
1266.9
241.5
10.23
0.74
3.0
0.28
0.297013
21.5
1269.1
241.5
10.23
0.67
3.0
0.292
0.275433
21.66
1272.5
242.8
10.39
0.75
3.0
0.275
0.235783
21.59
1273.7
241.9
10.4
0.7
3.0
0.276
0.222925
21.72
1276.9
242.9
10.52
0.74
3.0
0.258
0.20838
21.67
1278.3
242.1
10.41
0.56
3.0
0.252
0.171137
21.77
1281.3
242.9
10.61
0.69
3.0
0.23
0.165555
21.72
1282.7
242.1
10.65
0.66
3.0
0.209
0.0590652
21.8
1285.4
242.7
10.62
0.55
3.0
0.189
0.0921447
21.83
1287.7
242.8
10.86
0.72
3.0
0.157
-0.0255697
21.86
1290.0
242.9
10.77
0.56
3.0
0.119
0.0216572
21.74
1290.9
241.7
10.85
0.57
3.0
0.099
-0.0446114
21.83
1293.8
242.4
10.98
0.63
3.0
0.077
-0.0625241
21.9
1296.7
243.0
11.1
0.68
3.0
0.037
-0.0934285
21.79
1297.7
241.9
11.01
0.52
3.0
0.022
-0.104639
21.91
1301.0
243.0
11.2
0.64
3.0
-0.014
-0.110811
21.78
1301.9
241.7
11.25
0.62
3.0
-0.044
-0.191351
21.78
1304.1
241.7
11.22
0.52
3.0
-0.063
-0.188867
21.86
1307.2
242.6
11.28
0.52
3.0
-0.078
-0.173789
21.91
1309.9
243.2
11.35
0.52
3.0
-0.102
-0.204539
21.86
1311.7
242.8
11.45
0.57
3.0
-0.122
-0.151614
21.77
1313.0
241.9
11.36
0.42
3.0
-0.134
-0.181091
21.75
1315.2
241.9
11.51
0.51
3.0
-0.144
-0.217642
21.78
1317.8
242.4
11.63
0.57
3.0
-0.157
-0.207906
21.77
1320.0
242.4
11.6
0.48
3.0
-0.16
-0.205257
21.82
1322.8
243.0
11.61
0.43
3.0
-0.165
-0.174075
21.78
1324.9
242.9
11.57
0.34
3.0
-0.173
-0.171894
21.7
1326.4
242.2
11.63
0.35
3.0
-0.169
-0.145029
21.7
1328.7
242.3
11.76
0.43
3.0
-0.142
-0.0585724
21.79
1332.0
243.4
11.85
0.47
3.0
-0.136
-0.101198
21.74
1333.7
243.0
11.88
0.46
3.0
-0.123
0.00234477
21.64
1335.1
242.2
11.81
0.34
3.0
-0.095
0.0392685
21.65
1337.4
242.4
11.87
0.35
3.0
-0.067
0.0169161
21.72
1340.3
243.1
11.94
0.38
3.0
-0.046
0.0700426
21.68
1342.2
242.9
11.99
0.38
3.0
-0.037
0.0855128
21.54
1343.0
241.5
2.75
0.6
3.0
0.017
0.2026
21.58
1345.5
241.8
2.71
0.49
3.0
0.061
0.234767
21.66
1348.5
242.7
2.77
0.48
3.0
0.08
0.228881
21.55
1349.5
241.5
2.8
0.45
3.0
0.108
0.231881
21.59
1351.9
241.8
2.9
0.49
3.0
0.127
0.224261
21.59
1354.0
241.7
2.92
0.44
3.0
0.169
0.316181
21.77
1357.8
243.3
2.94
0.4
3.0
0.181
0.311127
21.64
1358.5
241.8
3.16
0.55
3.0
0.207
0.32156
21.69
1361.0
242.1
3.09
0.42
3.0
0.229
0.316965
21.74
1363.4
242.3
3.11
0.39
3.0
0.241
0.339539
21.7
1365.0
241.8
3.16
0.38
3.0
0.27
0.330387
21.87
1368.5
243.2
3.24
0.4
3.0
0.282
0.305479
21.91
1370.9
243.3
3.23
0.34
3.0
0.285
0.315249
21.9
1372.7
243.0
3.34
0.4
3.0
0.284
0.265056
21.91
1374.7
242.7
3.46
0.47
3.0
0.285
0.244861
21.99
1377.4
243.3
3.43
0.39
3.0
0.277
0.220361
22.02
1379.6
243.3
3.39
0.3
3.0
0.266
0.221804
22.02
1381.6
243.1
3.48
0.34
3.0
0.25
0.221383
21.95
1382.8
242.1
3.65
0.46
3.0
0.237
0.192586
21.93
1384.5
241.6
3.53
0.3
3.0
0.219
0.126514
21.94
1386.6
241.5
3.55
0.27
3.0
0.218
0.117859
22.14
1390.6
243.3
3.62
0.3
3.0
0.201
0.11244
22.16
1392.7
243.2
3.64
0.28
3.0
0.171
0.0730041
22.06
1393.8
242.1
3.79
0.38
3.0
0.148
0.044808
22.05
1395.8
241.9
3.83
0.38
3.0
0.121
-0.0358268
22.07
1398.1
241.9
3.82
0.33
3.0
0.098
-0.0183159
22.12
1400.7
242.3
3.83
0.3
3.0
0.073
-0.0585504
22.13
1402.9
242.3
3.88
0.31
3.0
0.04
-0.0641448
22.05
1404.3
241.5
3.9
0.3
3.0
0.036
-0.0908951
22.24
1408.4
243.4
3.85
0.22
3.0
-0.001
-0.0716017
22.07
1408.8
241.6
4.02
0.35
3.0
-0.017
-0.0883256
22.07
1411.1
241.6
3.88
0.17
3.0
-0.037
-0.157588
22.08
1413.3
241.7
3.95
0.21
3.0
-0.047
-0.17784
22.22
1417.0
243.2
4.08
0.3
3.0
-0.069
-0.187051
22.23
1419.4
243.3
4.07
0.26
3.0
-0.088
-0.189847
22.23
1421.7
243.4
4.08
0.24
3.0
-0.107
-0.159135
22.16
1423.3
242.8
4.01
0.14
3.0
-0.121
-0.150641
22.1
1425.0
242.3
4.2
0.3
3.0
-0.14
-0.206157
22.0
1426.4
241.5
4.11
0.19
3.0
-0.136
-0.173334
22.13
1430.1
242.9
4.06
0.11
3.0
-0.15
-0.168263
22.03
1431.3
242.0
4.19
0.21
3.0
-0.143
-0.155919
22.12
1434.6
243.1
4.18
0.17
3.0
-0.149
-0.129974
22.03
1436.0
242.3
4.14
0.1
3.0
-0.132
-0.101152
22.13
1439.4
243.4
4.25
0.19
3.0
-0.133
-0.0405575
21.97
1440.1
242.0
4.16
0.07
3.0
-0.121
-0.0362613
21.91
1441.9
241.6
4.33
0.22
3.0
-0.093
-0.000947617
22.02
1445.3
242.7
4.27
0.14
3.0
-0.084
-0.0250727
21.95
1446.9
242.1
4.29
0.14
3.0
-0.069
0.00191231
21.96
1449.3
242.3
4.22
0.05
3.0
-0.049
0.0519207
21.99
1451.8
242.7
4.26
0.08
3.0
-0.037
0.112124
21.87
1452.8
241.5
4.36
0.15
3.0
0.002
0.118681
21.99
1456.3
242.7
4.44
0.22
3.0
0.025
0.116771
22.02
1458.7
243.0
4.45
0.21
3.0
0.049
0.161695
22.04
1461.1
243.2
4.41
0.16
3.0
0.074
0.196603
22.05
1463.3
243.2
4.36
0.1
3.0
0.089
0.190221
21.98
1464.7
242.4
4.43
0.15
3.0
0.106
0.211097
21.95
1466.6
242.1
4.44
0.15
3.0
0.133
0.255167
22.01
1469.3
242.5
4.36
0.05
3.0
0.145
0.203562
21.98
1471.0
242.0
4.52
0.21
3.0
0.164
0.247682
22.05
1473.7
242.6
4.42
0.09
3.0
0.172
0.241855
22.0
1475.2
241.9
4.49
0.15
3.0
0.189
0.266589
22.05
1477.8
242.2
4.42
0.07
3.0
0.201
0.190023
22.12
1480.5
242.7
4.44
0.07
3.0
0.202
0.245754
22.11
1482.4
242.4
4.57
0.2
3.0
0.215
0.206385
22.22
1485.5
243.4
4.53
0.15
3.0
0.204
0.20895
22.13
1486.6
242.2
4.56
0.17
3.0
0.201
0.170433
22.15
1488.8
242.2
4.48
0.08
3.0
0.19
0.157084
22.14
1490.7
241.9
4.58
0.17
3.0
0.181
0.17519
22.11
1492.5
241.5
4.46
0.03
3.0
0.19
0.109666
22.32
1496.6
243.3
4.62
0.19
3.0
0.157
0.0882247
22.15
1496.9
241.5
4.51
0.07
3.0
0.152
0.0618462
22.28
1500.4
242.7
4.53
0.07
3.0
0.129
0.0336035
22.25
1502.2
242.2
4.54
0.08
3.0
0.11
-0.0269636
22.31
1504.8
242.7
4.62
0.14
3.0
0.082
-0.004219
22.25
1506.4
242.0
4.65
0.16
3.0
0.058
-0.0283944
22.21
1508.1
241.5
4.68
0.18
3.0
0.048
-0.103913
22.35
1511.8
242.9
4.51
0.0
3.0
0.009
-0.107648
22.23
1512.8
241.7
4.64
0.12
3.0
-0.006
-0.102867
22.3
1515.7
242.3
4.55
0.02
3.0
-0.024
-0.165524
22.36
1518.5
243.0
4.6
0.06
3.0
-0.061
-0.190966
22.26
1519.7
241.9
4.57
0.02
3.0
-0.077
-0.20977
22.35
1522.9
242.9
4.57
0.0
3.0
-0.097
-0.210531
22.37
1525.5
243.2
4.58
0.01
3.0
-0.129
-0.220997
22.24
1526.5
242.0
4.64
0.06
3.0
-0.146
-0.248163
22.26
1529.1
242.4
4.65
0.05
3.0
-0.153
-0.200268
22.31
1532.0
243.0
4.58
-0.03
3.0
-0.171
-0.198665
22.19
1533.2
242.0
4.67
0.05
3.0
-0.174
-0.196725
22.19
1535.6
242.2
4.61
-0.02
3.0
-0.185
-0.254246
22.17
1537.7
242.1
4.78
0.14
3.0
-0.187
-0.169762
22.18
1540.3
242.4
4.69
0.04
3.0
-0.173
-0.140937
22.24
1543.3
243.3
4.75
0.1
3.0
-0.182
-0.196135
22.12
1544.4
242.2
4.75
0.09
3.0
-0.186
-0.193109
22.09
1546.5
242.1
4.76
0.09
3.0
-0.188
-0.15343
22.03
1548.3
241.6
4.75
0.07
3.0
-0.164
-0.121918
22.18
1552.2
243.3
4.66
-0.03
3.0
-0.154
-0.0551337
22.11
1553.9
242.8
4.63
-0.06
3.0
-0.139
-0.0763116
22.08
1555.9
242.6
4.64
-0.06
3.0
-0.119
-0.0358844
22.11
1558.6
243.1
4.71
0.01
3.0
-0.1
0.00793105
22.08
1560.6
242.9
4.79
0.08
3.0
-0.079
0.0213065
22.07
1562.8
242.9
4.69
-0.02
3.0
-0.06
0.0367846
22.05
1564.9
242.8
4.81
0.1
3.0
-0.037
0.0926544
22.05
1567.1
242.8
4.72
0.0
3.0
-0.014
0.119381
22.01
1568.9
242.4
4.68
-0.04
3.0
0.01
0.141966
21.99
1570.9
242.2
4.64
-0.07
3.0
0.029
0.149397
21.94
1572.6
241.7
4.65
-0.07
3.0
0.066
0.217152
22.05
1575.9
242.8
4.78
0.06
3.0
0.096
0.178437
22.12
1578.7
243.4
4.66
-0.06
3.0
0.115
0.21718
22.12
1580.8
243.3
4.71
-0.01
3.0
0.125
0.22143
22.02
1581.9
242.2
4.72
0.0
3.0
0.145
0.217832
22.07
1584.4
242.5
4.81
0.09
3.0
0.166
0.245136
22.14
1587.2
243.1
4.69
-0.03
3.0
0.174
0.195532
22.13
1589.2
242.8
4.68
-0.05
3.0
0.187
0.231929
22.19
1591.8
243.3
4.67
-0.05
3.0
0.178
0.225809
22.03
1592.3
241.5
4.72
-0.01
3.0
0.193
0.192207
22.17
1595.6
242.6
4.81
0.08
3.0
0.19
0.213646
22.13
1597.3
242.1
4.77
0.04
3.0
0.196
0.207896
22.18
1599.8
242.4
4.86
0.12
3.0
0.187
0.115755
22.18
1601.8
242.2
4.76
0.02
3.0
0.189
0.145938
22.32
1605.3
243.4
4.7
-0.04
3.0
0.178
0.113823
22.32
1607.3
243.2
4.77
0.02
3.0
0.157
0.103165
22.24
1608.6
242.3
4.86
0.12
3.0
0.147
0.113493
22.25
1610.7
242.2
4.77
0.02
3.0
0.134
0.016768
22.28
1613.1
242.4
4.73
-0.02
3.0
0.11
0.0557882
22.23
1614.7
241.8
4.79
0.04
3.0
0.103
0.00959917
22.33
1617.9
242.6
4.89
0.12
3.0
0.09
0.00161237
22.38
1620.5
243.1
4.92
0.15
3.0
0.057
-0.0432097
22.25
1621.3
241.7
4.83
0.06
3.0
0.04
-0.0977649
22.33
1624.3
242.4
4.81
0.03
3.0
0.009
-0.110525
22.28
1626.0
241.9
4.8
0.02
3.0
-0.018
-0.147893
22.27
1628.2
241.8
4.75
-0.04
3.0
-0.042
-0.186741
22.31
1630.8
242.2
4.92
0.12
3.0
-0.066
-0.193416
22.34
1633.4
242.6
4.79
-0.02
3.0
-0.079
-0.192015
22.42
1636.5
243.4
4.82
0.01
3.0
-0.108
-0.225341
22.34
1638.1
242.7
4.84
0.03
3.0
-0.124
-0.198032
22.34
1640.4
242.9
4.83
0.0
3.0
-0.149
-0.214702
22.22
1641.6
241.8
4.82
-0.02
3.0
-0.16
-0.205251
22.21
1643.9
241.9
4.79
-0.04
3.0
-0.16
-0.207867
22.29
1647.1
242.9
4.79
-0.06
3.0
-0.163
-0.206985
22.33
1649.8
243.3
4.96
0.11
3.0
-0.174
-0.172237
22.23
1651.2
242.5
4.83
-0.03
3.0
-0.181
-0.161133
22.12
1652.6
241.7
4.89
0.03
3.0
-0.174
-0.160524
22.16
1655.3
242.2
4.85
-0.02
3.0
-0.162
-0.147034
22.23
1658.4
243.0
4.84
-0.03
3.0
-0.164
-0.122649
22.13
1659.8
242.3
4.94
0.06
3.0
-0.149
-0.100462
22.17
1662.6
242.8
4.85
-0.03
3.0
-0.133
-0.0712459
22.19
1665.2
243.2
4.82
-0.07
3.0
-0.135
-0.0549996
22.02
1665.8
241.6
4.78
-0.1
3.0
-0.104
-0.0157539
22.16
1669.5
243.1
4.86
-0.03
3.0
-0.089
-0.0390468
22.14
1671.7
243.0
4.96
0.07
3.0
-0.072
0.0416396
22.13
1673.9
243.0
4.97
0.08
3.0
-0.063
0.0718055
21.97
1674.5
241.5
4.92
0.03
3.0
-0.03
0.054316
22.09
1677.9
242.7
4.9
0.01
3.0
-0.01
0.123851
22.07
1680.0
242.5
4.9
0.01
3.0
0.012
0.10409
22.07
1682.2
242.5
4.96
0.07
3.0
0.033
0.147709
22.07
1684.3
242.5
4.95
0.07
3.0
0.057
0.196853
22.07
1686.5
242.4
4.77
-0.11
3.0
0.09
0.193829
22.15
1689.4
243.2
4.91
0.04
3.0
0.104
0.241068
22.06
1690.7
242.2
4.89
0.01
3.0
0.126
0.182953
22.1
1693.1
242.4
4.78
-0.09
3.0
0.144
0.25515
22.12
1695.4
242.6
4.89
0.02
3.0
0.16
0.215572
22.13
1697.6
242.5
4.83
-0.04
3.0
0.16
0.217571
22.05
1698.8
241.5
4.86
-0.01
3.0
0.185
0.224777
22.22
1702.6
243.0
4.96
0.09
3.0
0.187
0.192429
22.21
1704.5
242.7
4.88
0.02
3.0
0.178
0.203516
22.12
1705.6
241.6
4.87
0.01
3.0
0.188
0.209522
22.19
1708.4
242.2
4.8
-0.06
3.0
0.195
0.157156
22.3
1711.5
243.1
4.91
0.06
3.0
0.176
0.133659
22.21
1712.6
242.0
4.96
0.1
3.0
0.16
0.104431
22.18
1714.4
241.5
4.95
0.1
3.0
0.149
0.102661
22.2
1716.7
241.6
4.9
0.05
3.0
0.147
0.108443
22.29
1719.7
242.3
4.85
-0.0
3.0
0.131
0.0402795
22.28
1721.7
242.1
4.91
0.06
3.0
0.108
0.0379314
22.24
1723.3
241.5
4.92
0.07
3.0
0.109
0.0122679
22.43
1727.3
243.3
4.84
-0.01
3.0
0.092
0.0178662
22.42
1729.4
243.1
4.92
0.07
3.0
0.071
-0.0702602
22.42
1731.6
243.1
4.88
0.02
3.0
0.029
-0.104288
22.27
1732.3
241.6
4.96
0.1
3.0
0.016
-0.148267
22.44
1736.2
243.2
4.87
0.0
3.0
-0.009
-0.127237
22.46
1738.6
243.4
4.95
0.08
3.0
-0.051
-0.172969
22.28
1739.0
241.6
4.94
0.07
3.0
-0.074
-0.181603
22.28
1741.3
241.7
4.86
-0.02
3.0
-0.089
-0.176642
22.32
1744.1
242.2
5.0
0.12
3.0
-0.108
-0.229154
22.33
1746.5
242.4
4.94
0.05
3.0
-0.12
-0.19597
22.4
1749.5
243.1
4.9
0.01
3.0
-0.145
-0.226839
22.28
1750.7
242.1
4.98
0.08
3.0
-0.157
-0.200415
22.28
1753.1
242.3
4.93
0.02
3.0
-0.163
-0.196063
22.27
1755.4
242.4
5.01
0.1
3.0
-0.171
-0.187316
22.24
1757.4
242.2
4.91
-0.0
3.0
-0.185
-0.240161
22.16
1759.1
241.6
4.89
-0.03
3.0
-0.19
-0.238408
22.21
1761.9
242.2
4.89
-0.04
3.0
-0.194
-0.217098
22.22
1764.5
242.5
4.84
-0.09
3.0
-0.192
-0.183575
22.23
1767.0
242.8
4.92
-0.02
3.0
-0.195
-0.197257
22.17
1768.8
242.4
4.88
-0.06
3.0
-0.182
-0.157714
22.25
1772.0
243.4
4.99
0.05
3.0
-0.188
-0.119231
22.07
1772.7
241.8
4.96
0.02
3.0
-0.166
-0.0597146
22.11
1775.4
242.3
4.99
0.05
3.0
-0.147
-0.0385892
22.07
1777.4
242.2
4.94
-0.01
3.0
-0.127
-0.0490202
22.07
1779.8
242.3
4.91
-0.03
3.0
-0.105
-0.0228928
22.12
1782.6
242.9
5.0
0.06
3.0
-0.097
0.0346815
21.99
1783.5
241.6
4.86
-0.09
3.0
-0.063
0.0758215
22.06
1786.5
242.4
4.88
-0.06
3.0
-0.035
0.0877586
22.07
1789.0
242.7
4.93
-0.01
3.0
-0.015
0.0915847
22.04
1790.8
242.3
4.86
-0.09
3.0
0.017
0.145314
22.12
1793.9
243.2
5.03
0.08
3.0
0.047
0.181915
22.14
1796.2
243.3
4.97
0.03
3.0
0.053
0.143611
21.99
1796.8
241.7
4.87
-0.07
3.0
0.083
0.217325
22.08
1799.9
242.6
4.96
0.03
3.0
0.105
0.219843
22.06
1801.8
242.3
4.92
-0.02
3.0
0.129
0.223438
22.1
1804.3
242.6
4.96
0.03
3.0
0.155
0.236224
22.19
1807.3
243.4
5.01
0.07
3.0
0.152
0.195069
22.06
1808.0
241.8
4.99
0.06
3.0
0.177
0.244901
22.21
1811.6
243.2
4.86
-0.06
3.0
0.186
0.176194
22.24
1814.0
243.4
5.01
0.09
3.0
0.187
0.199687
22.25
1816.0
243.2
5.0
0.07
3.0
0.186
0.177807
22.25
1818.1
243.1
4.96
0.04
3.0
0.175
0.188113
22.14
1819.1
241.8
5.02
0.1
3.0
0.18
0.19437
22.19
1821.6
242.1
4.91
-0.01
3.0
0.178
0.195916
22.17
1823.5
241.8
4.99
0.08
3.0
0.173
0.116171
22.19
1825.7
241.8
4.84
-0.07
3.0
0.162
0.0794125
22.26
1828.4
242.2
4.96
0.05
3.0
0.15
0.0538635
22.32
1831.1
242.7
4.85
-0.07
3.0
0.129
0.0661141
22.28
1832.8
242.2
4.97
0.06
3.0
0.122
0.0472861
22.36
1835.7
242.8
4.87
-0.04
3.0
0.106
0.0239618
22.36
1837.8
242.7
4.99
0.08
3.0
0.086
-0.0618691
22.39
1840.3
243.0
4.85
-0.06
3.0
0.053
-0.0684505
22.33
1841.8
242.3
4.92
0.0
3.0
0.03
-0.0578814
22.31
1843.8
242.1
4.88
-0.03
3.0
0.023
-0.0786822
22.44
1847.3
243.3
4.86
-0.06
3.0
-0.004
-0.136948
22.39
1849.0
242.8
4.95
0.03
3.0
-0.029
-0.156496
22.38
1851.3
242.8
5.04
0.12
3.0
-0.051
-0.15796
22.38
1853.5
242.8
4.88
-0.04
3.0
-0.075
-0.169634
22.34
1855.4
242.4
5.03
0.11
3.0
-0.091
-0.218164
22.39
1858.2
243.0
4.91
-0.02
3.0
-0.113
-0.186014
22.34
1860.1
242.7
4.97
0.04
3.0
-0.135
-0.247524
22.3
1862.0
242.3
5.03
0.09
3.0
-0.143
-0.217858
22.38
1865.2
243.3
4.94
-0.01
3.0
-0.173
-0.225651
22.18
1865.6
241.5
4.86
-0.08
3.0
-0.171
-0.20886
22.29
1869.1
242.7
4.86
-0.09
3.0
-0.178
-0.221285
22.27
1871.3
242.8
4.9
-0.05
3.0
-0.192
-0.18433
22.15
1872.5
241.7
4.94
-0.01
3.0
-0.185
-0.211937
22.23
1875.7
242.7
4.9
-0.06
3.0
-0.196
-0.167672
22.11
1876.9
241.6
5.03
0.07
3.0
-0.18
-0.162051
22.2
1880.2
242.8
5.02
0.06
3.0
-0.166
-0.105922
22.23
1882.9
243.2
4.88
-0.09
3.0
-0.159
-0.0899658
22.15
1884.5
242.6
4.92
-0.05
3.0
-0.137
-0.0599296
22.2
1887.3
243.2
4.92
-0.05
3.0
-0.139
-0.0517331
22.01
1887.8
241.5
4.99
0.01
3.0
-0.103
-0.0250343
22.19
1891.9
243.4
5.05
0.07
3.0
-0.097
-0.037615
22.09
1893.3
242.6
4.9
-0.07
3.0
-0.086
0.00342424
22.05
1895.1
242.2
4.91
-0.06
3.0
-0.064
0.0398534
22.07
1897.6
242.5
4.87
-0.11
3.0
-0.043
0.0844484
22.05
1899.6
242.3
4.92
-0.06
3.0
-0.017
0.0930018
22.06
1902.0
242.5
4.86
-0.12
3.0
0.013
0.137232
22.12
1904.8
243.1
4.97
-0.0
3.0
0.018
0.0987111
21.98
1905.6
241.7
4.95
-0.02
3.0
0.038
0.183347
21.97
1907.6
241.5
4.91
-0.06
3.0
0.063
0.147122
22.01
1910.2
241.9
4.95
-0.02
3.0
0.08
0.1684
22.03
1912.6
242.0
5.04
0.08
3.0
0.105
0.18592
22.13
1915.6
242.8
5.01
0.05
3.0
0.117
0.217316
22.08
1917.2
242.2
5.01
0.06
3.0
0.136
0.213763
22.11
1919.6
242.4
4.86
-0.09
3.0
0.153
0.230196
22.14
1922.0
242.6
4.95
0.01
3.0
0.171
0.195277
22.22
1924.9
243.3
5.0
0.05
3.0
0.163
0.193184
22.1
1925.7
241.9
5.03
0.09
3.0
0.168
0.184339
22.13
1928.1
242.0
4.96
0.02
3.0
0.162
0.154816
22.09
1929.7
241.5
4.98
0.05
3.0
0.169
0.160392
22.21
1933.0
242.5
4.98
0.06
3.0
0.162
0.131998
22.2
1934.9
242.2
4.96
0.04
3.0
0.154
0.128897
22.19
1936.9
242.0
4.94
0.02
3.0
0.156
0.144055
22.27
1939.7
242.6
4.98
0.06
3.0
0.143
0.120727
22.2
1941.1
241.7
4.99
0.07
3.0
0.139
0.0283549
22.31
1944.3
242.7
4.93
0.02
3.0
0.115
0.00592313
22.3
1946.3
242.5
4.96
0.04
3.0
0.103
0.0149867
22.37
1949.2
243.1
5.03
0.12
3.0
0.08
-0.0399666
22.35
1951.1
242.8
4.86
-0.05
3.0
0.064
-0.0213231
22.39
1953.6
243.1
4.85
-0.06
3.0
0.033
-0.0732065
22.27
1954.6
241.9
4.92
0.01
3.0
0.008
-0.0860666
22.24
1956.5
241.5
4.87
-0.05
3.0
-0.011
-0.141343
22.29
1959.2
242.0
5.01
0.09
3.0
-0.026
-0.112194
22.35
1962.1
242.6
4.95
0.03
3.0
-0.05
-0.120061
22.27
1963.6
241.9
4.95
0.02
3.0
-0.074
-0.203468
22.23
1965.5
241.6
4.92
-0.01
3.0
-0.094
-0.211139
22.29
1968.3
242.2
4.97
0.03
3.0
-0.104
-0.169581
22.35
1971.3
243.0
4.94
0.0
3.0
-0.11
-0.165046
22.39
1974.0
243.4
4.9
-0.05
3.0
-0.135
-0.208315
22.25
1975.0
242.1
5.0
0.04
3.0
-0.146
-0.188344
22.24
1977.3
242.2
4.88
-0.08
3.0
-0.149
-0.178386
22.27
1979.9
242.6
4.97
0.01
3.0
-0.151
-0.182241
22.29
1982.5
243.0
4.9
-0.07
3.0
-0.16
-0.22544
22.27
1984.7
242.9
4.95
-0.03
3.0
-0.175
-0.169463
22.15
1985.9
241.9
4.9
-0.08
3.0
-0.166
-0.152972
22.21
1988.9
242.7
4.92
-0.06
3.0
-0.16
-0.138629
22.22
1991.4
243.0
4.99
0.0
3.0
-0.165
-0.147967
22.11
1992.6
242.0
4.98
-0.01
3.0
-0.141
-0.0535742
22.22
1996.1
243.3
4.89
-0.1
3.0
-0.128
-0.046619
22.16
1997.9
242.9
5.05
0.06
3.0
-0.115
-0.0735478
22.15
2000.1
242.8
5.07
0.08
3.0
-0.1
-0.0345544
22.17
2002.6
243.1
5.05
0.06
3.0
-0.101
-0.0213247
22.0
2003.3
241.6
5.07
0.08
3.0
-0.067
0.0361225
22.16
2007.1
243.2
5.05
0.06
3.0
-0.06
0.0701725
21.99
2007.7
241.6
5.04
0.05
3.0
-0.025
0.0935777
22.1
2011.0
242.7
5.06
0.07
3.0
-0.008
0.108032
22.03
2012.6
242.1
4.99
0.0
3.0
0.017
0.123715
22.06
2015.1
242.4
5.03
0.05
3.0
0.05
0.159059
22.17
2018.4
243.4
4.97
-0.01
3.0
0.074
0.192353
22.17
2020.5
243.4
5.05
0.07
3.0
0.086
0.207704
22.06
2021.5
242.1
4.9
-0.08
3.0
0.099
0.187974
22.0
2023.1
241.5
4.87
-0.11
3.0
0.119
0.229665
22.03
2025.5
241.7
5.03
0.06
3.0
0.15
0.255446
22.15
2028.7
242.7
5.03
0.06
3.0
0.172
0.221727
22.22
2031.5
243.3
5.02
0.05
3.0
0.175
0.181455
22.2
2033.3
242.9
5.0
0.04
3.0
0.171
0.246811
22.1
2034.3
241.7
5.0
0.04
3.0
0.18
0.199836
22.13
2036.7
241.8
4.97
0.02
3.0
0.191
0.195837
22.23
2039.7
242.7
4.97
0.01
3.0
0.196
0.170584
22.31
2042.6
243.3
5.04
0.09
3.0
0.183
0.194703
22.21
2043.6
242.1
4.98
0.03
3.0
0.182
0.186118
22.21
2045.6
241.9
4.88
-0.07
3.0
0.184
0.152395
22.28
2048.4
242.4
4.98
0.04
3.0
0.179
0.146027
22.32
2050.8
242.6
5.01
0.06
3.0
0.163
0.109303
22.26
2052.3
241.9
4.92
-0.02
3.0
0.164
0.108113
22.4
2055.7
243.1
4.93
-0.02
3.0
0.134
0.025036
22.28
2056.6
241.7
4.98
0.04
3.0
0.122
0.0552072
22.35
2059.4
242.3
5.0
0.05
3.0
0.102
-0.0234553
22.36
2061.7
242.3
4.88
-0.06
3.0
0.078
-0.0263951
22.36
2063.8
242.2
5.07
0.13
3.0
0.053
-0.105219
22.38
2066.2
242.4
5.04
0.09
3.0
0.032
-0.0565178
22.41
2068.7
242.7
5.01
0.06
3.0
0.005
-0.102784
22.35
2070.2
241.9
4.95
-0.0
3.0
-0.014
-0.1508
22.4
2073.1
242.5
5.08
0.12
3.0
-0.046
-0.16708
22.35
2074.8
242.0
4.99
0.03
3.0
-0.054
-0.163181
22.48
2078.4
243.3
5.08
0.11
3.0
-0.082
-0.191645
22.4
2079.9
242.7
5.01
0.04
3.0
-0.096
-0.22223
22.47
2082.9
243.4
4.99
0.01
3.0
-0.12
-0.188695
22.4
2084.6
242.8
5.09
0.11
3.0
-0.138
-0.25182
22.38
2086.7
242.7
4.92
-0.07
3.0
-0.161
-0.202256
22.29
2088.2
242.0
5.1
0.1
3.0
-0.17
-0.212363
22.27
2090.5
242.0
4.95
-0.05
3.0
-0.171
-0.201544
22.32
2093.3
242.7
5.02
0.02
3.0
-0.176
-0.212097
22.31
2095.6
242.8
5.01
0.01
3.0
-0.182
-0.194778
22.27
2097.7
242.6
5.05
0.04
3.0
-0.181
-0.18032
22.27
2100.1
242.8
4.98
-0.03
3.0
-0.19
-0.170339
22.15
2101.2
241.7
4.91
-0.11
3.0
-0.171
-0.140381
22.27
2104.9
243.1
5.0
-0.02
3.0
-0.177
-0.103063
22.1
2105.5
241.5
4.93
-0.09
3.0
-0.156
-0.0727987
22.14
2108.3
242.1
5.0
-0.02
3.0
-0.139
-0.0426204
22.12
2110.5
242.1
5.0
-0.02
3.0
-0.117
-0.0794716
22.2
2113.7
243.0
5.02
0.01
3.0
-0.107
-0.00337666
22.14
2115.4
242.5
4.98
-0.03
3.0
-0.082
-0.00523219
22.2
2118.2
243.2
4.95
-0.06
3.0
-0.077
0.0107308
22.07
2119.3
242.0
4.95
-0.06
3.0
-0.053
0.0902901
22.08
2121.7
242.2
4.9
-0.11
3.0
-0.032
0.0800072
22.05
2123.6
241.8
5.02
0.01
3.0
-0.006
0.144541
22.05
2125.8
241.9
4.93
-0.07
3.0
0.018
0.0936648
22.08
2128.3
242.1
5.0
-0.0
3.0
0.033
0.152403
22.05
2130.2
241.8
4.87
-0.12
3.0
0.056
0.119962
22.11
2133.0
242.4
5.04
0.05
3.0
0.08
0.181302
22.19
2135.9
243.1
4.87
-0.11
3.0
0.101
0.207307
22.19
2138.0
243.0
4.87
-0.11
3.0
0.107
0.213744
22.05
2138.8
241.6
4.92
-0.05
3.0
0.127
0.223408
22.08
2141.1
241.7
4.98
0.01
3.0
0.148
0.189646
22.17
2144.1
242.5
4.94
-0.02
3.0
0.151
0.207246
22.13
2145.7
241.9
4.93
-0.03
3.0
0.169
0.190279
22.24
2149.0
242.9
4.88
-0.07
3.0
0.165
0.202557
22.17
2150.2
242.0
4.92
-0.03
3.0
0.179
0.1935
22.27
2153.3
242.8
4.86
-0.09
3.0
0.164
0.145216
22.15
2154.2
241.5
4.93
-0.0
3.0
0.176
0.125712
22.36
2158.4
243.4
4.86
-0.08
3.0
0.172
0.161053
22.38
2160.6
243.4
4.91
-0.02
3.0
0.155
0.128252
22.25
2161.4
242.0
4.89
-0.03
3.0
0.142
0.0570665
22.26
2163.6
241.9
4.9
-0.02
3.0
0.135
0.0317311
22.4
2167.0
243.1
4.89
-0.03
3.0
0.122
0.0497097
22.44
2169.5
243.4
4.95
0.03
3.0
0.103
0.0256715
22.39
2171.2
242.8
4.85
-0.07
3.0
0.088
-0.007868
22.41
2173.6
243.0
4.85
-0.07
3.0
0.068
-0.0703784
22.45
2176.1
243.2
4.87
-0.05
3.0
0.038
-0.0741038
22.38
2177.6
242.5
5.03
0.11
3.0
0.008
-0.0865695
22.3
2179.0
241.7
5.0
0.07
3.0
-0.005
-0.120228
22.39
2182.1
242.5
4.97
0.05
3.0
-0.027
-0.169009
22.41
2184.6
242.9
5.05
0.12
3.0
-0.058
-0.186088
22.37
2186.4
242.4
5.04
0.11
3.0
-0.09
-0.199042
22.28
2187.9
241.6
4.91
-0.02
3.0
-0.094
-0.196503
22.44
2191.8
243.4
5.04
0.11
3.0
-0.112
-0.218766
22.44
2194.2
243.4
4.95
0.01
3.0
-0.147
-0.205737
22.23
2194.5
241.5
4.98
0.04
3.0
-0.15
-0.209606
22.32
2197.7
242.5
4.94
-0.01
3.0
-0.166
-0.195845
22.23
2199.2
241.8
4.88
-0.07
3.0
-0.173
-0.252597
22.26
2201.9
242.3
4.99
0.03
3.0
-0.171
-0.162177
22.33
2205.0
243.1
4.95
-0.02
3.0
-0.169
-0.180049
22.32
2207.3
243.2
5.03
0.07
3.0
-0.179
-0.184476
22.22
2208.6
242.3
5.01
0.03
3.0
-0.184
-0.203798
22.18
2210.7
242.2
5.06
0.08
3.0
-0.173
-0.136711
22.25
2213.8
243.0
5.05
0.07
3.0
-0.166
-0.130064
22.22
2215.8
242.9
4.95
-0.04
3.0
-0.163
-0.152319
22.18
2217.8
242.7
5.01
0.02
3.0
-0.162
-0.0968894
22.1
2219.4
242.0
5.02
0.03
3.0
-0.137
-0.0598961
22.19
2222.7
243.1
4.96
-0.03
3.0
-0.12
-0.0792673
22.21
2225.3
243.4
4.88
-0.11
3.0
-0.118
-0.0298993
22.09
2226.3
242.3
4.87
-0.12
3.0
-0.108
0.00136329
21.99
2227.7
241.5
4.95
-0.04
3.0
-0.065
0.0764842
22.16
2231.7
243.2
5.07
0.08
3.0
-0.05
0.092822
22.02
2232.5
241.9
4.91
-0.08
3.0
-0.019
0.0828608
22.09
2235.5
242.7
4.99
0.01
3.0
-0.009
0.0796436
22.0
2236.9
241.8
5.05
0.06
3.0
0.021
0.129323
22.11
2240.1
242.9
5.03
0.05
3.0
0.048
0.152587
22.17
2242.9
243.4
5.03
0.05
3.0
0.068
0.208483
22.11
2244.4
242.7
5.04
0.07
3.0
0.093
0.177589
22.14
2246.9
242.9
4.91
-0.06
3.0
0.108
0.206591
22.11
2248.7
242.6
4.99
0.02
3.0
0.132
0.194689
22.19
2251.6
243.3
4.94
-0.02
3.0
0.132
0.240709
22.04
2252.1
241.6
5.05
0.09
3.0
0.163
0.199198
22.22
2256.0
243.2
4.95
-0.01
3.0
0.156
0.199966
22.09
2256.8
241.8
4.99
0.03
3.0
0.167
0.18633
22.16
2259.5
242.3
5.04
0.09
3.0
0.165
0.215623
22.09
2260.9
241.5
4.97
0.02
3.0
0.184
0.1663
22.28
2264.8
243.2
4.94
-0.01
3.0
0.184
0.181175
22.3
2267.0
243.2
4.92
-0.03
3.0
0.174
0.138878
22.25
2268.6
242.5
5.04
0.09
3.0
0.161
0.103877
22.23
2270.5
242.2
5.05
0.11
3.0
0.16
0.108385
22.34
2273.7
243.1
4.92
-0.03
3.0
0.146
0.0817236
22.32
2275.6
242.8
4.87
-0.08
3.0
0.13
0.0558793
22.31
2277.5
242.5
4.93
-0.01
3.0
0.125
0.0487639
22.41
2280.6
243.4
5.04
0.1
3.0
0.092
-0.0214863
22.28
2281.4
242.0
4.89
-0.05
3.0
0.083
-0.00514066
22.39
2284.7
243.0
4.93
-0.01
3.0
0.057
-0.0694619
22.35
2286.5
242.6
4.98
0.03
3.0
0.04
-0.0690214
22.4
2289.2
243.0
4.9
-0.05
3.0
0.016
-0.0681809
22.36
2290.9
242.6
5.03
0.08
3.0
-0.005
-0.145954
22.37
2293.3
242.7
4.94
-0.01
3.0
-0.032
-0.149472
22.35
2295.3
242.5
4.94
-0.01
3.0
-0.055
-0.160931
22.34
2297.5
242.4
4.95
-0.0
3.0
-0.078
-0.184592
22.31
2299.5
242.2
4.97
0.02
3.0
-0.093
-0.181773
22.35
2302.2
242.7
4.95
-0.01
3.0
-0.11
-0.18929
22.33
2304.4
242.6
5.0
0.03
3.0
-0.117
-0.178713
22.37
2307.2
243.1
4.95
-0.02
3.0
-0.147
-0.238885
22.22
2308.0
241.7
5.09
0.12
3.0
-0.148
-0.177354
22.31
2311.3
242.8
4.92
-0.07
3.0
-0.159
-0.199214
22.25
2313.1
242.4
5.11
0.12
3.0
-0.17
-0.188246
22.19
2314.8
241.9
5.07
0.07
3.0
-0.164
-0.222168
22.31
2318.4
243.3
5.0
0.0
3.0
-0.173
-0.154807
22.23
2320.0
242.7
4.96
-0.05
3.0
-0.162
-0.141688
22.28
2322.9
243.3
4.94
-0.08
3.0
-0.175
-0.176433
22.1
2323.5
241.7
5.02
0.01
3.0
-0.158
-0.111834
22.21
2327.0
243.0
5.02
0.0
3.0
-0.164
-0.115264
22.05
2327.8
241.5
5.05
0.03
3.0
-0.148
-0.0883878
22.1
2330.6
242.2
4.93
-0.09
3.0
-0.132
-0.101186
22.16
2333.5
242.9
5.04
0.02
3.0
-0.123
-0.0504979
22.12
2335.5
242.6
4.94
-0.09
3.0
-0.1
0.00375119
22.15
2338.1
243.1
4.99
-0.04
3.0
-0.097
-0.0241996
22.0
2338.9
241.7
5.09
0.06
3.0
-0.071
0.0837082
22.04
2341.6
242.1
4.99
-0.04
3.0
-0.043
0.0802204
22.04
2343.9
242.2
5.03
0.01
3.0
-0.016
0.0651494
22.11
2346.8
242.9
5.02
0.0
3.0
0.001
0.100555
22.09
2348.8
242.7
5.06
0.04
3.0
0.013
0.15671
21.97
2349.8
241.5
4.99
-0.03
3.0
0.045
0.181661
22.03
2352.6
242.1
5.04
0.02
3.0
0.082
0.18308
22.17
2356.2
243.4
5.06
0.05
3.0
0.1
0.188494
22.15
2358.1
243.2
4.94
-0.06
3.0
0.104
0.219733
22.0
2358.7
241.5
4.9
-0.11
3.0
0.123
0.17985
22.05
2361.2
241.9
5.03
0.03
3.0
0.145
0.226237
22.14
2364.3
242.7
5.05
0.05
3.0
0.159
0.22496
22.15
2366.4
242.7
5.08
0.08
3.0
0.173
0.216557
22.19
2368.9
242.9
5.08
0.09
3.0
0.168
0.211197
22.08
2369.8
241.5
4.89
-0.09
3.0
0.187
0.238677
22.2
2373.1
242.6
5.07
0.09
3.0
0.198
0.220041
22.25
2375.6
242.9
4.9
-0.08
3.0
0.199
0.209658
22.24
2377.5
242.7
4.96
-0.01
3.0
0.191
0.180051
22.18
2379.0
241.9
4.91
-0.06
3.0
0.181
0.148607
22.17
2380.9
241.5
4.98
0.0
3.0
0.17
0.0927742
22.2
2383.2
241.7
4.89
-0.08
3.0
0.157
0.0766631
22.26
2385.8
242.0
5.07
0.1
3.0
0.144
0.0867723
22.29
2388.2
242.2
5.07
0.1
3.0
0.135
0.0448217
22.35
2391.0
242.7
5.0
0.03
3.0
0.111
0.00954742
22.32
2392.8
242.3
4.96
-0.01
3.0
0.097
-0.0390595
22.42
2395.9
243.2
4.98
0.01
3.0
0.061
0.00269818
22.26
2396.4
241.5
4.99
0.01
3.0
0.061
-0.0612586
22.45
2400.5
243.3
4.95
-0.02
3.0
0.039
-0.0788142
22.45
2402.7
243.3
5.02
0.04
3.0
0.008
-0.0993962
22.36
2404.0
242.4
4.97
-0.01
3.0
-0.019
-0.119661
22.3
2405.7
241.8
4.99
0.01
3.0
-0.029
-0.163095
22.44
2409.3
243.2
4.93
-0.06
3.0
-0.055
-0.176919
22.41
2411.3
243.0
5.09
0.09
3.0
-0.091
-0.191924
22.27
2412.2
241.6
5.05
0.05
3.0
-0.103
-0.177855
22.33
2415.1
242.3
4.99
-0.01
3.0
-0.119
-0.242926
22.35
2417.7
242.6
4.98
-0.03
3.0
-0.147
-0.222203
22.26
2419.1
241.8
5.02
0.01
3.0
-0.162
-0.238841
22.25
2421.4
241.9
5.08
0.07
3.0
-0.17
-0.183223
22.25
2423.8
242.1
5.11
0.09
3.0
-0.167
-0.21205
22.33
2427.0
243.0
5.08
0.05
3.0
-0.172
-0.210505
22.33
2429.4
243.2
5.06
0.03
3.0
-0.187
-0.164076
22.17
2430.2
241.8
5.1
0.07
3.0
-0.184
-0.13574
22.13
2432.2
241.5
4.98
-0.06
3.0
-0.172
-0.14119
22.16
2434.9
242.0
5.07
0.03
3.0
-0.162
-0.141376
22.2
2437.7
242.6
5.14
0.09
3.0
-0.149
-0.103115
22.23
2440.4
243.1
5.13
0.07
3.0
-0.149
-0.073201
22.1
2441.4
241.9
5.04
-0.02
3.0
-0.135
-0.0774289
22.1
2443.8
242.1
5.06
0.01
3.0
-0.119
-0.0245403
22.11
2446.2
242.3
5.12
0.06
3.0
-0.089
0.00162476
22.2
2449.5
243.3
5.08
0.02
3.0
-0.08
0.0560727
22.06
2450.3
241.9
5.02
-0.04
3.0
-0.057
0.0414004
22.05
2452.6
242.0
5.04
-0.02
3.0
-0.037
0.0840416
22.04
2454.7
241.9
4.98
-0.08
3.0
-0.006
0.0600718
22.16
2458.1
243.1
5.11
0.05
3.0
0.002
0.0881346
22.09
2459.6
242.4
4.95
-0.11
3.0
0.026
0.102988
22.16
2462.5
243.1
5.11
0.06
3.0
0.034
0.140242
22.06
2463.7
242.1
5.0
-0.05
3.0
0.054
0.171119
22.05
2465.8
241.9
4.92
-0.12
3.0
0.081
0.21923
22.08
2468.2
242.2
5.01
-0.04
3.0
0.109
0.191501
22.16
2471.1
242.8
4.95
-0.08
3.0
0.12
0.17949
22.13
2472.9
242.4
5.09
0.05
3.0
0.136
0.220692
22.16
2475.3
242.6
5.1
0.06
3.0
0.137
0.187025
22.06
2476.4
241.5
4.92
-0.11
3.0
0.162
0.195004
22.25
2480.3
243.2
4.93
-0.09
3.0
0.159
0.219235
22.14
2481.3
241.9
5.01
-0.01
3.0
0.17
0.19742
22.18
2483.8
242.2
5.07
0.06
3.0
0.182
0.199317
22.28
2486.8
243.0
5.06
0.05
3.0
0.169
0.135881
22.19
2487.9
241.9
5.07
0.06
3.0
0.158
0.100733
22.19
2490.0
241.8
5.08
0.08
3.0
0.154
0.158856
22.23
2492.5
242.0
5.06
0.06
3.0
0.145
0.100197
22.21
2494.4
241.6
5.03
0.03
3.0
0.137
0.0604759
22.28
2497.1
242.1
5.08
0.08
3.0
0.127
0.055408
22.34
2499.8
242.6
4.95
-0.04
3.0
0.116
0.00715499
22.41
2502.7
243.3
5.06
0.07
3.0
0.082
-0.00963302
22.28
2503.5
241.8
5.04
0.05
3.0
0.074
-0.0426426
22.42
2507.0
243.1
5.04
0.06
3.0
0.052
-0.0467333
22.4
2509.0
242.9
5.06
0.08
3.0
0.034
-0.0902364
22.43
2511.5
243.2
5.04
0.06
3.0
0.003
-0.0419612
22.29
2512.3
241.7
5.06
0.08
3.0
0.003
-0.0990439
22.43
2516.0
243.2
4.95
-0.03
3.0
-0.018
-0.143407
22.43
2518.2
243.2
5.03
0.04
3.0
-0.051
-0.12719
22.29
2519.1
241.8
5.04
0.06
3.0
-0.06
-0.179009
22.4
2522.5
242.9
5.06
0.07
3.0
-0.089
-0.168618
22.3
2523.8
242.0
5.05
0.05
3.0
-0.101
-0.211814
22.36
2526.7
242.7
5.08
0.09
3.0
-0.128
-0.171829
22.24
2527.8
241.6
5.08
0.08
3.0
-0.14
-0.216091
22.24
2530.2
241.7
5.07
0.06
3.0
-0.147
-0.233675
22.32
2533.4
242.7
4.93
-0.08
3.0
-0.169
-0.183765
22.19
2534.5
241.6
5.12
0.1
3.0
-0.157
-0.199861
22.35
2538.5
243.3
4.96
-0.06
3.0
-0.168
-0.188028
22.28
2540.1
242.8
4.97
-0.05
3.0
-0.179
-0.140918
22.14
2541.1
241.5
4.96
-0.07
3.0
-0.174
-0.171675
22.15
2543.6
241.8
5.11
0.07
3.0
-0.162
-0.171423
22.26
2547.1
243.1
5.11
0.07
3.0
-0.16
-0.0922241
22.19
2548.8
242.6
4.93
-0.11
3.0
-0.148
-0.106372
22.18
2551.1
242.6
5.07
0.03
3.0
-0.141
-0.077177
22.13
2553.0
242.3
5.09
0.05
3.0
-0.119
-0.0309954
22.18
2555.8
242.9
5.06
0.02
3.0
-0.112
-0.0336867
22.07
2557.1
242.0
5.02
-0.03
3.0
-0.09
0.0127978
22.12
2559.8
242.5
5.07
0.03
3.0
-0.069
0.0549716
22.09
2561.8
242.3
5.04
-0.01
3.0
-0.042
0.098185
22.09
2564.1
242.3
5.01
-0.03
3.0
-0.024
0.0650664
22.05
2565.9
242.0
5.02
-0.02
3.0
0.004
0.0894468
22.16
2569.2
243.1
5.03
-0.01
3.0
0.02
0.111063
22.13
2571.1
242.8
5.04
0.01
3.0
0.043
0.142918
22.17
2573.7
243.1
5.03
0.0
3.0
0.058
0.17634
22.1
2575.2
242.4
5.06
0.04
3.0
0.081
0.194299
22.11
2577.4
242.4
5.04
0.02
3.0
0.094
0.184276
22.05
2579.0
241.8
4.93
-0.09
3.0
0.119
0.2317
22.12
2581.7
242.3
4.96
-0.07
3.0
0.139
0.179971
22.18
2584.4
242.8
4.97
-0.05
3.0
0.146
0.231693
22.14
2586.1
242.2
4.94
-0.08
3.0
0.159
0.180374
22.18
2588.6
242.5
5.02
0.01
3.0
0.156
0.198019
22.11
2589.9
241.7
5.05
0.04
3.0
0.18
0.216453
22.29
2593.7
243.2
4.97
-0.04
3.0
0.183
0.218832
22.26
2595.5
242.8
4.96
-0.05
3.0
0.185
0.193844
22.25
2597.5
242.5
5.08
0.07
3.0
0.188
0.163669
22.3
2600.1
242.9
4.99
-0.01
3.0
0.177
0.107046
22.3
2602.1
242.7
5.01
0.01
3.0
0.156
0.116608
22.23
2603.4
241.7
4.95
-0.05
3.0
0.153
0.0768652
22.33
2606.4
242.6
4.93
-0.07
3.0
0.132
0.04878
22.3
2608.3
242.2
5.03
0.04
3.0
0.124
0.0167325
22.41
2611.5
243.1
4.93
-0.06
3.0
0.088
0.000642188
22.25
2612.1
241.5
4.92
-0.07
3.0
0.074
0.0198618
22.29
2614.5
241.7
4.92
-0.08
3.0
0.06
-0.0457362
22.32
2617.0
242.0
4.95
-0.04
3.0
0.051
-0.0423278
22.43
2620.3
243.0
4.95
-0.04
3.0
0.024
-0.0807994
22.36
2621.8
242.3
4.9
-0.1
3.0
0.001
-0.130847
22.36
2624.1
242.3
4.92
-0.07
3.0
-0.011
-0.10862
22.46
2627.3
243.3
5.04
0.05
3.0
-0.029
-0.112252
22.45
2629.4
243.2
4.93
-0.06
3.0
-0.052
-0.152934
22.39
2631.1
242.6
5.03
0.04
3.0
-0.075
-0.165767
22.34
2632.9
242.2
5.06
0.06
3.0
-0.097
-0.237113
22.35
2635.3
242.4
5.0
0.01
3.0
-0.121
-0.214447
22.33
2637.5
242.3
4.92
-0.08
3.0
-0.141
-0.23308
22.3
2639.6
242.2
5.04
0.04
3.0
-0.151
-0.213259
22.34
2642.4
242.7
5.07
0.07
3.0
-0.156
-0.192397
22.36
2644.9
243.1
4.99
-0.01
3.0
-0.16
-0.18884
22.36
2647.3
243.2
5.08
0.08
3.0
-0.169
-0.156069
22.26
2648.7
242.4
5.0
0.0
3.0
-0.163
-0.177407
22.3
2651.5
242.9
4.96
-0.04
3.0
-0.174
-0.156134
22.16
2652.5
241.8
4.93
-0.07
3.0
-0.173
-0.169469
22.16
2654.9
241.9
5.01
0.0
3.0
-0.176
-0.165189
22.11
2656.8
241.6
4.95
-0.06
3.0
-0.165
-0.146326
22.18
2659.8
242.4
