4.93
-0.07
4.0
-0.007
0.0
22.15
18.7
241.7
5.07
0.07
4.0
0.009
0.0
22.31
22.6
243.4
5.09
0.09
4.0
0.001
0.0176599
22.18
23.5
242.1
4.94
-0.06
4.0
-0.007
-0.0188296
22.16
25.5
241.8
4.96
-0.04
4.0
0.012
0.0188695
22.32
29.3
243.4
5.01
0.01
4.0
0.016
0.0530833
22.27
31.0
242.9
4.94
-0.06
4.0
0.012
0.0571893
22.14
32.0
241.7
5.1
0.1
4.0
0.022
0.0544985
22.18
34.6
242.0
5.1
0.1
4.0
0.02
0.0208417
22.15
36.4
241.7
5.09
0.09
4.0
0.024
-0.0216777
22.31
40.2
243.2
5.05
0.05
4.0
0.024
0.0184645
22.29
42.3
243.0
5.1
0.1
4.0
0.009
0.0026752
22.18
43.3
241.9
4.92
-0.08
4.0
0.01
0.00245632
22.21
45.9
242.2
5.06
0.06
4.0
0.014
0.0251382
22.23
48.3
242.4
4.96
-0.04
4.0
0.01
0.0201036
22.17
49.9
241.8
4.9
-0.1
4.0
0.018
-0.00672145
22.3
53.4
243.0
4.92
-0.08
4.0
0.015
-0.0158286
22.31
55.7
243.2
5.03
0.03
4.0
0.012
-0.0241929
22.34
58.2
243.4
5.08
0.07
4.0
-0.011
-0.0173673
22.17
58.7
241.7
5.0
-0.0
4.0
0.002
0.0276032
22.24
61.7
242.4
5.06
0.06
4.0
-0.001
0.0229969
22.17
63.2
241.7
4.97
-0.03
4.0
-0.002
0.00316695
22.15
65.2
241.6
4.94
-0.06
4.0
-0.002
-0.0364144
22.22
68.2
242.3
5.04
0.03
4.0
-0.009
-0.0395602
22.24
70.5
242.4
4.98
-0.02
4.0
0.0
-0.000996217
22.32
73.6
243.3
5.05
0.05
4.0
0.002
0.0254926
22.28
75.4
242.9
4.99
-0.01
4.0
0.005
0.00458065
22.28
77.7
242.9
4.98
-0.02
4.0
-0.008
-0.0359126
22.23
79.4
242.4
4.93
-0.07
4.0
-0.002
0.014691
22.25
81.8
242.6
4.96
-0.04
4.0
0.008
0.0274411
22.3
84.5
243.1
5.06
0.06
4.0
0.012
0.0114134
22.3
86.8
243.1
4.96
-0.04
4.0
0.006
-0.0277452
22.33
89.2
243.3
5.07
0.07
4.0
0.001
0.0167276
22.22
90.4
242.3
4.93
-0.07
4.0
-0.007
-0.00606964
22.17
92.1
241.8
5.1
0.1
4.0
-0.004
0.00952306
22.19
94.5
241.9
5.06
0.06
4.0
0.016
0.0265825
22.34
98.2
243.4
4.92
-0.08
4.0
0.005
0.018367
22.2
99.1
242.0
5.05
0.05
4.0
-0.002
-0.0248043
22.19
101.1
241.9
4.99
-0.0
4.0
0.003
-0.0276549
22.31
104.6
243.1
5.03
0.03
4.0
0.009
0.0394934
22.3
106.7
243.0
4.92
-0.08
4.0
0.003
0.0479279
22.16
107.5
241.6
4.94
-0.06
4.0
0.021
0.0505499
22.26
110.8
242.6
4.91
-0.09
4.0
0.026
0.0407579
22.29
113.2
242.8
4.9
-0.09
4.0
0.024
0.0423776
22.23
114.8
242.2
4.98
-0.02
4.0
0.023
0.0444127
22.19
116.7
241.9
4.99
-0.01
4.0
0.029
0.0457753
22.24
119.3
242.3
4.99
-0.01
4.0
0.036
0.0500982
22.28
121.9
242.6
5.05
0.06
4.0
0.045
0.0487226
22.35
124.9
243.4
5.08
0.08
4.0
0.036
0.0518442
22.24
126.0
242.2
5.05
0.06
4.0
0.044
0.0527837
22.31
128.9
242.9
5.03
0.04
4.0
0.055
0.0783845
22.36
131.5
243.3
4.89
-0.1
4.0
0.061
0.0921698
22.35
133.6
243.2
5.03
0.04
4.0
0.055
0.107652
22.21
134.3
241.7
5.02
0.02
4.0
0.071
0.123855
22.26
137.0
242.1
4.98
-0.01
4.0
0.087
0.121962
22.34
140.0
242.9
5.04
0.05
4.0
0.097
0.142321
22.35
142.2
242.9
5.0
0.01
4.0
0.108
0.176001
22.32
144.0
242.5
5.06
0.07
4.0
0.119
0.16324
22.33
146.3
242.5
5.05
0.06
4.0
0.123
0.130319
22.35
148.6
242.5
4.89
-0.1
4.0
0.129
0.113868
22.42
151.4
243.2
5.05
0.06
4.0
0.119
0.106451
22.36
152.9
242.4
5.05
0.06
4.0
0.11
0.11771
22.28
154.3
241.5
5.08
0.09
4.0
0.12
0.129598
22.36
157.2
242.2
4.97
-0.02
4.0
0.119
0.1086
22.37
159.4
242.1
4.97
-0.01
4.0
0.105
0.0749643
22.32
161.0
241.5
5.01
0.02
4.0
0.112
0.0623109
22.47
164.6
242.9
4.92
-0.06
4.0
0.102
0.0101777
22.53
167.4
243.4
5.04
0.06
4.0
0.063
-0.0536095
22.4
168.2
242.0
4.94
-0.05
4.0
0.035
-0.0631506
22.36
170.0
241.6
5.05
0.07
4.0
0.02
-0.0433195
22.35
172.1
241.5
5.09
0.1
4.0
0.012
-0.0768693
22.46
175.4
242.5
4.96
-0.03
4.0
-0.014
-0.103636
22.39
177.0
241.8
4.95
-0.04
4.0
-0.034
-0.149808
22.43
179.6
242.2
4.9
-0.09
4.0
-0.068
-0.178561
22.35
181.2
241.5
4.94
-0.05
4.0
-0.076
-0.167212
22.44
184.4
242.5
5.08
0.08
4.0
-0.091
-0.204206
22.53
187.6
243.4
5.06
0.07
4.0
-0.118
-0.175681
22.38
188.4
242.1
5.09
0.09
4.0
-0.134
-0.2069
22.36
190.6
241.9
5.05
0.05
4.0
-0.146
-0.259429
22.47
194.1
243.2
5.09
0.09
4.0
-0.178
-0.237815
22.28
194.6
241.5
4.91
-0.09
4.0
-0.178
-0.261902
22.43
198.5
243.2
5.05
0.05
4.0
-0.206
-0.273778
22.29
199.6
242.0
5.01
0.01
4.0
-0.22
-0.262325
22.26
201.7
241.9
5.04
0.03
4.0
-0.21
-0.233703
22.39
205.4
243.4
5.03
0.02
4.0
-0.216
-0.219984
22.33
207.2
243.0
5.02
0.02
4.0
-0.217
-0.199559
22.26
209.0
242.6
4.96
-0.04
4.0
-0.22
-0.211445
22.2
210.8
242.1
5.0
-0.01
4.0
-0.21
-0.211432
22.29
214.2
243.3
4.92
-0.08
4.0
-0.214
-0.152918
22.14
215.1
242.0
4.99
-0.02
4.0
-0.193
-0.118699
22.17
217.8
242.4
4.96
-0.05
4.0
-0.18
-0.136658
22.19
220.5
242.9
4.94
-0.06
4.0
-0.168
-0.0959673
22.16
222.5
242.7
4.99
-0.01
4.0
-0.157
-0.0614869
22.08
224.1
242.1
4.94
-0.06
4.0
-0.131
-0.00627815
22.07
226.4
242.1
5.06
0.06
4.0
-0.103
0.00489364
22.12
229.2
242.8
4.89
-0.1
4.0
-0.079
0.0511677
22.07
231.0
242.4
4.94
-0.05
4.0
-0.049
0.0428623
22.16
234.1
243.3
4.93
-0.06
4.0
-0.031
0.0678849
22.12
236.0
243.0
5.0
0.01
4.0
-0.015
0.0926946
22.05
237.5
242.2
4.93
-0.05
4.0
0.004
0.110797
22.04
239.6
242.2
5.03
0.06
4.0
0.04
0.188243
22.08
242.2
242.5
4.93
-0.04
4.0
0.061
0.188507
22.02
243.7
241.8
5.01
0.05
4.0
0.093
0.169661
22.18
247.5
243.4
4.96
-0.0
4.0
0.101
0.221934
22.0
247.8
241.5
4.86
-0.1
4.0
0.129
0.183822
22.16
251.5
243.0
4.93
-0.03
4.0
0.138
0.199588
22.13
253.3
242.5
4.9
-0.05
4.0
0.157
0.191699
22.21
256.2
243.3
4.94
-0.01
4.0
0.159
0.161007
22.22
258.4
243.2
4.97
0.03
4.0
0.149
0.172535
22.09
259.1
241.7
5.02
0.09
4.0
0.167
0.175384
22.24
262.6
243.0
4.97
0.04
4.0
0.152
0.155772
22.11
263.4
241.6
5.01
0.08
4.0
0.164
0.161899
22.24
266.7
242.7
4.93
0.0
4.0
0.167
0.158409
22.27
269.2
242.9
4.94
0.02
4.0
0.163
0.13022
22.28
271.3
242.8
4.93
0.01
4.0
0.143
0.101558
22.19
272.5
241.8
4.92
0.0
4.0
0.14
0.0875281
22.26
275.3
242.3
4.94
0.02
4.0
0.127
0.0178143
22.35
278.2
243.0
4.92
0.0
4.0
0.104
-0.0139101
22.36
280.5
243.1
5.0
0.09
4.0
0.079
-0.0280998
22.34
282.4
242.8
4.95
0.04
4.0
0.062
-0.0408841
22.37
284.9
243.0
4.94
0.02
4.0
0.045
-0.0714123
22.42
287.5
243.4
5.03
0.12
4.0
0.014
-0.116314
22.37
289.3
243.0
4.85
-0.07
4.0
-0.021
-0.13399
22.27
290.5
241.9
5.04
0.12
4.0
-0.044
-0.158657
22.28
292.9
242.1
4.92
-0.0
4.0
-0.057
-0.185963
22.4
296.4
243.4
4.98
0.06
4.0
-0.087
-0.194011
22.32
297.9
242.7
4.92
-0.01
4.0
-0.117
-0.214283
22.23
299.3
241.8
5.02
0.09
4.0
-0.133
-0.221565
22.26
302.0
242.3
4.86
-0.07
4.0
-0.152
-0.226938
22.23
304.0
242.0
4.99
0.05
4.0
-0.172
-0.23629
22.18
305.9
241.8
5.01
0.07
4.0
-0.165
-0.200051
22.31
309.6
243.2
4.89
-0.06
4.0
-0.185
-0.183079
22.12
310.1
241.5
5.06
0.11
4.0
-0.17
-0.172934
22.25
313.8
243.0
4.88
-0.07
4.0
-0.187
-0.197103
22.11
314.7
241.7
4.92
-0.03
4.0
-0.178
-0.206515
22.23
318.4
243.1
5.02
0.07
4.0
-0.189
-0.200579
22.14
319.9
242.5
4.88
-0.08
4.0
-0.201
-0.196487
22.03
321.2
241.5
4.99
0.03
4.0
-0.201
-0.18984
22.02
323.5
241.6
4.87
-0.1
4.0
-0.19
-0.149802
22.06
326.3
242.2
5.0
0.03
4.0
-0.184
-0.109
21.98
327.9
241.6
4.97
0.0
4.0
-0.158
-0.0635223
22.04
330.8
242.3
4.95
-0.02
4.0
-0.143
-0.0455164
21.99
332.7
242.0
4.9
-0.07
4.0
-0.121
-0.0130523
21.98
334.9
242.0
4.89
-0.08
4.0
-0.097
0.0108672
22.01
337.5
242.4
4.94
-0.03
4.0
-0.068
0.0678958
22.0
339.7
242.4
5.01
0.04
4.0
-0.049
0.0718393
21.95
341.5
241.9
4.87
-0.1
4.0
-0.021
0.0854126
22.0
344.2
242.5
4.91
-0.06
4.0
-0.004
0.103533
21.96
346.0
242.1
4.96
-0.01
4.0
0.021
0.157091
21.94
348.0
241.9
5.02
0.06
4.0
0.054
0.203659
21.97
350.4
242.1
5.05
0.09
4.0
0.093
0.196599
22.1
353.9
243.4
5.02
0.06
4.0
0.109
0.187369
22.09
355.9
243.2
4.91
-0.05
4.0
0.127
0.22873
22.06
357.7
242.8
4.86
-0.09
4.0
0.139
0.250288
21.96
358.7
241.6
4.9
-0.05
4.0
0.164
0.210759
22.1
362.2
242.9
4.96
0.01
4.0
0.167
0.204505
22.06
363.8
242.3
5.03
0.08
4.0
0.17
0.222406
22.02
365.5
241.7
4.92
-0.03
4.0
0.194
0.266888
22.11
368.4
242.4
4.86
-0.09
4.0
0.198
0.235074
22.08
370.1
241.9
4.89
-0.06
4.0
0.215
0.215371
22.23
373.6
243.3
5.03
0.09
4.0
0.211
0.191624
22.21
375.5
242.9
4.9
-0.04
4.0
0.192
0.159579
22.13
376.6
241.8
4.91
-0.03
4.0
0.191
0.173865
22.17
379.0
242.0
4.96
0.02
4.0
0.196
0.151326
22.31
382.5
243.3
4.91
-0.03
4.0
0.178
0.155457
22.19
383.3
241.8
4.96
0.02
4.0
0.18
0.11479
22.33
386.8
243.1
5.06
0.12
4.0
0.165
0.0765542
22.35
389.0
243.1
5.0
0.06
4.0
0.131
0.0344172
22.23
390.0
241.8
5.03
0.08
4.0
0.109
0.00858925
22.25
392.2
241.8
4.97
0.02
4.0
0.09
0.00431776
22.26
394.5
241.9
4.99
0.04
4.0
0.088
0.000419932
22.41
398.1
243.2
4.9
-0.06
4.0
0.068
-0.0486862
22.43
400.4
243.3
4.95
-0.0
4.0
0.042
-0.0984692
22.44
402.7
243.4
4.97
0.01
4.0
0.005
-0.128187
22.36
404.2
242.6
5.08
0.11
4.0
-0.019
-0.136441
22.36
406.4
242.6
5.06
0.09
4.0
-0.053
-0.176118
22.3
408.1
242.1
4.95
-0.02
4.0
-0.066
-0.176233
22.38
411.2
242.9
4.93
-0.05
4.0
-0.091
-0.218411
22.39
413.6
243.1
5.01
0.03
4.0
-0.124
-0.226212
22.28
414.8
242.1
4.99
0.0
4.0
-0.136
-0.218079
22.33
417.8
242.8
5.06
0.07
4.0
-0.155
-0.175203
22.2
418.8
241.6
4.97
-0.02
4.0
-0.164
-0.200982
22.19
421.0
241.6
5.04
0.04
4.0
-0.173
-0.246674
22.25
424.0
242.4
5.08
0.08
4.0
-0.186
-0.237388
22.24
426.4
242.5
4.98
-0.03
4.0
-0.19
-0.18506
22.18
428.2
242.1
5.0
-0.01
4.0
-0.194
-0.18959
22.15
430.2
241.9
4.99
-0.03
4.0
-0.189
-0.195594
22.2
433.2
242.6
5.08
0.07
4.0
-0.182
-0.169846
22.24
436.0
243.2
5.06
0.03
4.0
-0.182
-0.108266
22.09
436.9
241.9
5.0
-0.03
4.0
-0.172
-0.0934367
22.03
438.7
241.5
5.01
-0.01
4.0
-0.146
-0.0757842
22.14
442.1
242.8
4.98
-0.05
4.0
-0.132
-0.0513803
22.09
444.0
242.4
5.1
0.07
4.0
-0.12
-0.0471151
22.09
446.3
242.5
5.02
-0.01
4.0
-0.086
0.0455407
22.13
449.0
243.0
5.07
0.04
4.0
-0.058
0.0485308
22.15
451.5
243.3
4.94
-0.09
4.0
-0.044
0.029154
22.13
453.6
243.1
4.99
-0.04
4.0
-0.034
0.0650902
22.02
454.7
242.1
5.09
0.06
4.0
-0.008
0.0961443
22.07
457.5
242.6
4.98
-0.04
4.0
0.02
0.124032
22.11
460.0
243.0
5.09
0.07
4.0
0.031
0.112945
22.05
461.7
242.4
5.02
-0.01
4.0
0.052
0.161235
22.04
463.7
242.2
4.94
-0.09
4.0
0.086
0.183363
22.16
467.1
243.4
4.95
-0.07
4.0
0.105
0.223832
22.1
468.6
242.7
5.1
0.08
4.0
0.127
0.213479
22.11
470.8
242.7
5.1
0.09
4.0
0.13
0.185365
22.06
472.3
242.0
4.95
-0.06
4.0
0.153
0.216903
22.14
475.2
242.7
4.91
-0.1
4.0
0.162
0.220955
22.13
477.2
242.5
4.98
-0.02
4.0
0.177
0.262966
22.1
478.9
241.9
5.06
0.06
4.0
0.197
0.228153
22.22
482.1
242.9
5.0
-0.0
4.0
0.197
0.199321
22.22
484.2
242.8
5.01
0.01
4.0
0.196
0.196711
22.2
485.9
242.4
4.91
-0.09
4.0
0.181
0.154954
22.14
487.4
241.6
5.09
0.09
4.0
0.188
0.161092
22.25
490.5
242.5
4.95
-0.05
4.0
0.173
0.101131
22.26
492.7
242.4
5.09
0.09
4.0
0.151
0.0870777
22.2
494.1
241.6
5.0
0.01
4.0
0.151
0.049381
22.39
498.1
243.4
4.94
-0.05
4.0
0.119
0.0414988
22.26
498.9
242.0
4.96
-0.03
4.0
0.112
0.0616726
22.3
501.4
242.3
5.08
0.08
4.0
0.091
0.0278743
22.24
503.0
241.6
5.01
0.02
4.0
0.081
-0.0125301
22.34
506.1
242.4
4.94
-0.05
4.0
0.072
-0.0189594
22.43
509.2
243.3
5.05
0.06
4.0
0.045
-0.0215842
22.31
510.2
242.1
5.05
0.06
4.0
0.028
-0.0452797
22.3
512.2
241.9
5.05
0.05
4.0
0.014
-0.0854271
22.36
515.0
242.5
5.08
0.07
4.0
-0.008
-0.136989
22.4
517.7
242.9
5.01
-0.0
4.0
-0.036
-0.152888
22.39
519.8
242.8
5.07
0.06
4.0
-0.055
-0.13472
22.34
521.7
242.4
5.08
0.07
4.0
-0.082
-0.208167
22.33
523.9
242.3
4.98
-0.04
4.0
-0.111
-0.214328
22.29
525.8
242.1
4.97
-0.05
4.0
-0.123
-0.174229
22.27
527.9
241.9
5.04
0.01
4.0
-0.137
-0.214504
22.31
530.6
242.4
4.96
-0.07
4.0
-0.151
-0.185332
22.24
532.3
241.9
5.11
0.07
4.0
-0.154
-0.209785
22.32
535.6
242.9
4.99
-0.06
4.0
-0.166
-0.202445
22.27
537.4
242.5
5.12
0.07
4.0
-0.178
-0.198888
22.21
539.2
242.1
5.02
-0.03
4.0
-0.164
-0.149098
22.3
542.5
243.2
5.09
0.03
4.0
-0.16
-0.155632
22.29
544.8
243.2
5.04
-0.02
4.0
-0.181
-0.177697
22.11
545.4
241.6
5.11
0.05
4.0
-0.155
-0.109318
22.26
549.3
243.3
4.98
-0.08
4.0
-0.138
-0.0583477
22.24
551.5
243.3
5.15
0.09
4.0
-0.118
-0.029165
22.24
553.8
243.3
4.99
-0.07
4.0
-0.103
-0.0303299
22.19
555.7
243.0
5.1
0.04
4.0
-0.102
-0.0742498
22.14
557.5
242.6
5.0
-0.06
4.0
-0.098
-0.0328429
22.08
559.2
242.1
5.0
-0.07
4.0
-0.081
0.0210097
22.03
561.0
241.7
4.97
-0.1
4.0
-0.057
0.0315191
22.11
564.0
242.5
5.01
-0.05
4.0
-0.024
0.112112
22.14
566.6
242.9
5.0
-0.06
4.0
-0.01
0.0983996
22.04
567.8
241.9
5.13
0.07
4.0
0.001
0.0875713
22.0
569.6
241.5
4.98
-0.08
4.0
0.027
0.121109
22.07
572.5
242.1
5.06
-0.0
4.0
0.055
0.118939
22.2
576.0
243.4
4.98
-0.08
4.0
0.071
0.147487
22.18
577.9
243.2
4.97
-0.08
4.0
0.086
0.160628
22.16
579.9
242.9
5.01
-0.04
4.0
0.094
0.19219
22.07
581.1
241.9
5.01
-0.03
4.0
0.129
0.238709
22.18
584.3
242.9
4.96
-0.08
4.0
0.154
0.257539
22.2
586.6
243.0
4.98
-0.05
4.0
0.165
0.24074
22.14
588.0
242.2
5.05
0.02
4.0
0.178
0.181188
22.25
591.2
243.1
4.95
-0.08
4.0
0.18
0.195374
22.25
593.2
243.0
5.08
0.05
4.0
0.187
0.239811
22.21
594.8
242.4
5.1
0.08
4.0
0.201
0.211261
22.31
597.8
243.1
5.11
0.09
4.0
0.182
0.162643
22.18
598.6
241.7
4.93
-0.09
4.0
0.185
0.151525
22.27
601.6
242.4
5.04
0.02
4.0
0.178
0.109228
22.35
604.4
243.0
5.08
0.06
4.0
0.166
0.0982132
22.36
606.6
243.0
4.99
-0.02
4.0
0.155
0.0885516
22.39
609.0
243.1
4.95
-0.06
4.0
0.14
0.106251
22.31
610.3
242.2
4.99
-0.03
4.0
0.139
0.0491999
22.45
613.7
243.4
5.1
0.09
4.0
0.111
-0.0116658
22.44
615.7
243.2
4.98
-0.04
4.0
0.078
-0.00421448
22.28
616.3
241.5
5.03
0.02
4.0
0.063
-0.0709371
22.43
619.9
242.9
4.93
-0.08
4.0
0.042
-0.0603431
22.42
622.0
242.8
4.94
-0.08
4.0
0.014
-0.0731746
22.34
623.5
242.0
5.0
-0.02
4.0
-0.004
-0.0705041
22.31
625.4
241.7
4.96
-0.06
4.0
-0.007
-0.107958
22.46
629.2
243.2
5.02
-0.0
4.0
-0.037
-0.176005
22.45
631.3
243.1
5.02
-0.01
4.0
-0.061
-0.191136
22.47
633.8
243.3
5.09
0.06
4.0
-0.087
-0.183959
22.41
635.5
242.8
4.96
-0.07
4.0
-0.102
-0.209631
22.46
638.3
243.4
5.05
0.02
4.0
-0.14
-0.230613
22.29
639.0
241.8
5.04
-0.0
4.0
-0.148
-0.218722
22.33
641.8
242.4
5.09
0.05
4.0
-0.168
-0.241226
22.31
644.0
242.4
5.0
-0.04
4.0
-0.168
-0.182743
22.33
646.6
242.7
5.03
-0.01
4.0
-0.181
-0.165822
22.19
647.6
241.5
5.01
-0.04
4.0
-0.168
-0.160419
22.29
650.9
242.6
5.14
0.09
4.0
-0.162
-0.178178
22.35
654.0
243.4
5.05
-0.01
4.0
-0.183
-0.206122
22.2
654.9
242.1
5.08
0.01
4.0
-0.17
-0.167332
22.31
658.4
243.4
5.05
-0.01
4.0
-0.162
-0.128261
22.28
660.5
243.3
5.05
-0.01
4.0
-0.167
-0.123492
22.17
661.7
242.3
5.0
-0.07
4.0
-0.147
-0.0643192
22.18
664.2
242.6
5.01
-0.05
4.0
-0.141
-0.0573439
22.08
665.6
241.7
5.05
-0.02
4.0
-0.102
-0.00800277
22.24
669.5
243.4
5.06
-0.0
4.0
-0.094
0.00618691
22.12
670.6
242.3
5.0
-0.06
4.0
-0.081
0.0161398
22.04
672.1
241.6
5.13
0.07
4.0
-0.055
0.00851048
22.17
675.7
243.0
4.98
-0.08
4.0
-0.044
0.0770012
22.05
676.8
241.8
5.08
0.02
4.0
-0.013
0.101924
22.1
679.5
242.4
5.0
-0.06
4.0
0.009
0.0949557
22.14
682.1
242.8
4.99
-0.06
4.0
0.02
0.120567
22.05
683.4
241.8
5.12
0.06
4.0
0.039
0.116093
22.08
685.9
242.1
5.03
-0.02
4.0
0.047
0.124077
22.02
687.5
241.5
5.1
0.05
4.0
0.069
0.162538
22.07
690.1
241.9
5.11
0.06
4.0
0.092
0.202126
22.06
692.2
241.8
5.05
0.01
4.0
0.101
0.163979
22.05
694.1
241.5
4.97
-0.06
4.0
0.129
0.180762
22.21
697.9
243.0
4.93
-0.1
4.0
0.127
0.191981
22.07
698.5
241.5
4.96
-0.07
4.0
0.156
0.187636
22.27
702.6
243.4
5.05
0.03
4.0
0.143
0.16469
22.12
703.1
241.6
4.95
-0.07
4.0
0.146
0.151539
22.15
705.6
241.9
4.99
-0.02
4.0
0.16
0.160941
22.29
709.0
243.1
5.09
0.08
4.0
0.16
0.176995
22.24
710.6
242.4
4.94
-0.07
4.0
0.161
0.150931
22.27
713.0
242.6
5.04
0.03
4.0
0.163
0.12188
22.36
715.9
243.3
5.0
-0.0
4.0
0.136
0.0622348
22.24
716.8
242.0
5.0
-0.01
4.0
0.126
0.0487854
22.32
719.7
242.6
4.96
-0.04
4.0
0.109
0.0739757
22.23
720.9
241.6
5.01
0.01
4.0
0.103
0.0464659
22.31
723.8
242.2
5.09
0.1
4.0
0.095
0.0211909
22.35
726.4
242.6
4.93
-0.07
4.0
0.059
-0.0578291
22.27
727.7
241.7
5.06
0.06
4.0
0.037
-0.0541396
22.26
729.8
241.6
5.04
0.04
4.0
0.027
-0.0551404
22.34
732.8
242.4
4.96
-0.04
4.0
0.003
-0.0709601
22.27
734.3
241.6
5.0
-0.0
4.0
-0.009
-0.126938
22.38
737.7
242.7
4.98
-0.02
4.0
-0.028
-0.145411
22.44
740.5
243.3
5.1
0.09
4.0
-0.051
-0.113802
22.33
741.7
242.3
5.11
0.1
4.0
-0.063
-0.145696
22.38
744.5
242.8
5.05
0.04
4.0
-0.075
-0.176304
22.43
747.3
243.4
4.97
-0.05
4.0
-0.104
-0.214907
22.37
749.0
242.9
5.03
0.02
4.0
-0.13
-0.212151
22.29
750.5
242.2
5.1
0.08
4.0
-0.139
-0.203765
22.34
753.5
242.9
5.01
-0.02
4.0
-0.149
-0.162277
22.26
755.0
242.2
5.1
0.07
4.0
-0.158
-0.168474
22.2
756.8
241.8
4.99
-0.03
4.0
-0.157
-0.154397
22.22
759.4
242.2
4.97
-0.06
4.0
-0.155
-0.153164
22.22
761.7
242.2
5.04
0.0
4.0
-0.152
-0.172276
22.29
764.8
243.1
4.98
-0.06
4.0
-0.164
-0.126162
22.12
765.5
241.6
5.11
0.07
4.0
-0.152
-0.0981965
22.13
767.9
241.8
4.98
-0.07
4.0
-0.146
-0.108373
22.11
770.1
241.8
5.06
0.01
4.0
-0.143
-0.115304
22.09
772.3
241.8
5.11
0.06
4.0
-0.135
-0.106343
22.13
775.0
242.2
5.01
-0.04
4.0
-0.124
-0.0757291
22.13
777.4
242.4
5.12
0.07
4.0
-0.109
-0.0788098
22.21
780.5
243.3
4.96
-0.09
4.0
-0.1
-0.039873
22.16
782.4
242.9
5.12
0.07
4.0
-0.08
0.0198389
22.15
784.6
242.9
5.04
-0.01
4.0
-0.065
0.0631949
22.04
785.7
241.9
5.04
-0.0
4.0
-0.045
0.0678397
22.01
787.6
241.6
4.95
-0.1
4.0
-0.015
0.0572604
22.15
791.3
243.1
5.03
-0.01
4.0
0.008
0.101576
22.17
793.7
243.2
5.03
-0.01
4.0
0.015
0.118296
22.03
794.5
241.9
4.98
-0.06
4.0
0.032
0.131238
22.01
796.5
241.6
4.94
-0.1
4.0
0.048
0.138655
22.02
798.7
241.6
5.06
0.03
4.0
0.078
0.186985
22.08
801.5
242.2
4.96
-0.07
4.0
0.093
0.187316
22.05
803.3
241.8
5.07
0.05
4.0
0.112
0.208783
22.04
805.3
241.6
4.94
-0.08
4.0
0.134
0.1692
22.18
808.8
242.9
4.96
-0.05
4.0
0.148
0.188214
22.23
811.4
243.3
5.08
0.06
4.0
0.143
0.199298
22.08
812.0
241.6
5.03
0.03
4.0
0.166
0.186728
22.25
815.8
243.1
5.05
0.04
4.0
0.156
0.175317
22.13
816.6
241.7
4.91
-0.09
4.0
0.172
0.164738
22.29
820.2
243.2
4.92
-0.07
4.0
0.167
0.172145
22.24
821.8
242.5
4.92
-0.08
4.0
0.168
0.180217
22.22
823.6
242.1
4.9
-0.09
4.0
0.17
0.107891
22.34
826.9
243.2
4.99
-0.0
4.0
0.142
0.0634918
22.25
828.1
242.1
5.03
0.04
4.0
0.127
0.0549527
22.26
830.3
242.1
5.01
0.02
4.0
0.109
0.0411158
22.23
832.1
241.7
5.0
0.01
4.0
0.106
-0.00244387
22.41
836.0
243.4
4.97
-0.02
4.0
0.075
-0.0372185
22.34
837.5
242.6
4.96
-0.03
4.0
0.049
-0.0484262
22.3
839.2
242.1
4.95
-0.03
4.0
0.031
-0.0567921
22.31
841.5
242.2
4.94
-0.04
4.0
0.008
-0.0672316
22.24
843.0
241.5
5.03
0.04
4.0
0.001
-0.126064
22.42
847.1
243.3
5.06
0.07
4.0
-0.024
-0.11794
22.38
848.9
242.9
5.09
0.1
4.0
-0.037
-0.101253
22.36
851.0
242.7
5.06
0.06
4.0
-0.05
-0.135558
22.41
853.7
243.2
4.97
-0.03
4.0
-0.067
-0.152351
22.37
855.6
242.9
5.02
0.02
4.0
-0.108
-0.215703
22.23
856.5
241.6
4.93
-0.08
4.0
-0.119
-0.185649
22.26
859.2
242.0
5.08
0.07
4.0
-0.12
-0.192183
22.38
862.8
243.3
5.06
0.05
4.0
-0.143
-0.206778
22.28
864.1
242.5
4.95
-0.07
4.0
-0.152
-0.214619
22.31
866.8
242.9
5.03
0.01
4.0
-0.162
-0.219144
22.33
869.4
243.3
5.13
0.11
4.0
-0.172
-0.16396
22.2
870.5
242.1
5.04
0.01
4.0
-0.167
-0.170275
22.24
873.3
242.8
5.11
0.08
4.0
-0.168
-0.168906
22.22
875.5
242.7
5.09
0.06
4.0
-0.168
-0.179201
22.24
878.0
243.1
4.97
-0.06
4.0
-0.167
-0.152049
22.2
880.1
242.9
5.12
0.08
4.0
-0.171
-0.129588
22.09
881.4
241.9
5.01
-0.03
4.0
-0.15
-0.0780457
22.15
884.3
242.7
5.1
0.06
4.0
-0.128
-0.0470426
22.17
886.9
243.0
5.0
-0.04
4.0
-0.114
-0.0587026
22.18
889.3
243.2
5.0
-0.05
4.0
-0.111
-0.0274838
22.04
890.3
242.0
5.06
0.02
4.0
-0.1
-0.0120082
21.98
891.9
241.5
5.05
0.0
4.0
-0.081
0.00280677
22.01
894.5
241.9
4.94
-0.11
4.0
-0.053
0.0507489
22.09
897.6
242.7
5.08
0.04
4.0
-0.027
0.106024
22.06
899.5
242.4
5.02
-0.02
4.0
0.006
0.121961
22.13
902.4
243.1
5.02
-0.02
4.0
0.014
0.109578
22.01
903.5
241.9
5.01
-0.03
4.0
0.029
0.120964
21.99
905.4
241.7
5.0
-0.04
4.0
0.065
0.180551
22.11
908.8
242.9
5.07
0.04
4.0
0.093
0.210681
22.11
910.9
242.8
5.11
0.08
4.0
0.107
0.174501
22.12
913.1
242.8
5.06
0.04
4.0
0.13
0.215724
22.17
915.7
243.1
5.04
0.02
4.0
0.155
0.238772
22.2
918.1
243.4
4.93
-0.1
4.0
0.16
0.210797
22.17
919.8
242.9
5.04
0.02
4.0
0.174
0.263053
22.13
921.5
242.3
5.02
0.0
4.0
0.185
0.267732
22.08
923.0
241.6
4.97
-0.04
4.0
0.197
0.248025
22.1
925.3
241.6
4.97
-0.03
4.0
0.205
0.228793
22.15
927.7
241.9
5.04
0.03
4.0
0.205
0.221894
22.14
929.7
241.6
5.11
0.11
4.0
0.208
0.202837
22.19
932.1
241.9
5.01
0.01
4.0
0.205
0.147462
22.27
935.0
242.5
5.06
0.06
4.0
0.183
0.127956
22.22
936.5
241.8
4.96
-0.04
4.0
0.184
0.167679
22.27
939.0
242.1
4.98
-0.02
4.0
0.187
0.131959
22.39
942.3
243.1
5.07
0.07
4.0
0.154
0.0793268
22.24
942.9
241.5
5.05
0.06
4.0
0.135
0.0253541
22.29
945.5
241.8
5.06
0.06
4.0
0.107
-0.0213689
22.31
947.7
241.8
4.94
-0.06
4.0
0.096
-0.0109991
22.43
951.1
243.0
5.02
0.01
4.0
0.068
-0.0272411
22.34
952.4
242.0
5.07
0.06
4.0
0.043
-0.106927
22.42
955.3
242.7
4.94
-0.06
4.0
0.01
-0.100296
22.34
956.8
241.9
4.95
-0.06
4.0
-0.011
-0.095397
22.31
958.7
241.6
5.04
0.03
4.0
-0.04
-0.162954
22.3
960.9
241.6
4.99
-0.03
4.0
-0.055
-0.171534
22.4
964.1
242.5
5.03
0.02
4.0
-0.076
-0.175914
22.39
966.3
242.5
4.97
-0.06
4.0
-0.092
-0.189224
22.44
969.2
243.2
4.96
-0.06
4.0
-0.116
-0.154118
22.29
970.0
241.7
4.97
-0.06
4.0
-0.113
-0.173479
22.42
973.6
243.1
5.14
0.11
4.0
-0.13
-0.185957
22.37
975.5
242.7
5.1
0.06
4.0
-0.134
-0.165027
22.38
978.0
243.0
5.0
-0.04
4.0
-0.146
-0.179646
22.32
979.7
242.5
5.09
0.05
4.0
-0.148
-0.179826
22.35
982.5
243.0
5.03
-0.01
4.0
-0.156
-0.171649
22.3
984.3
242.6
5.04
-0.01
4.0
-0.17
-0.164933
22.18
985.5
241.6
4.96
-0.09
4.0
-0.159
-0.142201
22.22
988.3
242.2
5.07
0.02
4.0
-0.16
-0.194843
22.29
991.4
243.0
5.04
-0.01
4.0
-0.169
-0.164648
22.2
992.9
242.3
5.13
0.07
4.0
-0.16
-0.122121
22.2
995.3
242.5
5.13
0.07
4.0
-0.161
-0.112646
22.11
996.7
241.7
5.13
0.06
4.0
-0.152
-0.0762443
22.07
998.7
241.5
5.0
-0.06
4.0
-0.132
-0.0366963
22.08
1001.1
241.7
5.1
0.03
4.0
-0.115
-0.0240607
22.06
1003.3
241.6
4.98
-0.08
4.0
-0.091
-0.0115769
22.14
1006.4
242.5
5.02
-0.04
4.0
-0.084
0.0107497
22.03
1007.6
241.5
5.03
-0.03
4.0
-0.043
0.0647007
22.21
1011.7
243.4
4.97
-0.08
4.0
-0.012
0.119803
22.21
1013.9
243.4
5.07
0.01
4.0
0.014
0.147554
22.18
1015.8
243.1
5.12
0.07
4.0
0.039
0.174112
22.14
1017.6
242.6
5.05
0.0
4.0
0.066
0.19651
22.13
1019.7
242.5
4.97
-0.07
4.0
0.084
0.211146
22.06
1021.1
241.8
5.01
-0.03
4.0
0.121
0.208282
22.21
1024.7
243.2
4.91
-0.12
4.0
0.129
0.175449
22.21
1026.8
243.0
5.0
-0.03
4.0
0.15
0.240117
22.21
1028.9
242.9
5.1
0.07
4.0
0.163
0.231916
22.19
1030.8
242.6
4.97
-0.06
4.0
0.176
0.233
22.22
1033.1
242.7
4.95
-0.07
4.0
0.189
0.22974
22.24
1035.3
242.7
4.95
-0.06
4.0
0.182
0.182825
22.19
1036.9
242.0
5.06
0.05
4.0
0.193
0.20668
22.27
1039.7
242.6
5.0
-0.01
4.0
0.18
0.173204
22.18
1040.9
241.6
4.98
-0.02
4.0
0.195
0.188221
22.35
1044.6
243.0
4.94
-0.06
4.0
0.188
0.187203
22.28
1045.9
242.1
5.01
0.01
4.0
0.186
0.15573
22.33
1048.5
242.5
5.04
0.05
4.0
0.183
0.155314
22.36
1050.8
242.6
4.95
-0.04
4.0
0.182
0.116794
22.46
1053.9
243.4
5.01
0.01
4.0
0.162
0.046785
22.48
1056.1
243.4
5.05
0.06
4.0
0.128
-0.00334179
22.42
1057.6
242.6
4.97
-0.02
4.0
0.106
-0.0162178
22.46
1060.2
243.0
5.06
0.07
4.0
0.071
-0.0249516
22.33
1061.0
241.6
5.07
0.08
4.0
0.049
-0.0611184
22.36
1063.5
241.8
4.91
-0.08
4.0
0.033
-0.0786758
22.43
1066.5
242.5
5.08
0.09
4.0
0.009
-0.0973373
22.42
1068.6
242.4
5.02
0.03
4.0
-0.015
-0.12103
22.4
1070.6
242.2
4.92
-0.07
4.0
-0.035
-0.174133
22.47
1073.6
242.9
5.09
0.1
4.0
-0.066
-0.204023
22.45
1075.7
242.8
5.09
0.09
4.0
-0.087
-0.218055
22.49
1078.4
243.3
5.11
0.09
4.0
-0.138
-0.289037
22.32
1079.0
241.6
5.09
0.06
4.0
-0.162
-0.324745
22.42
1082.4
242.8
5.09
0.05
4.0
-0.197
-0.333961
22.36
1084.2
242.4
5.09
0.03
4.0
-0.23
-0.375373
22.33
1086.4
242.3
4.89
-0.18
4.0
-0.263
-0.421444
22.32
1088.8
242.4
5.04
-0.05
4.0
-0.295
-0.424752
22.26
1090.7
242.2
4.88
-0.22
4.0
-0.325
-0.447944
22.23
1092.9
242.1
4.97
-0.13
4.0
-0.334
-0.393399
22.24
1095.6
242.5
4.97
-0.14
4.0
-0.355
-0.390666
22.1
1096.7
241.5
4.89
-0.23
4.0
-0.346
-0.387565
22.24
1100.7
243.2
4.82
-0.29
4.0
-0.362
-0.394163
22.14
1102.3
242.7
4.81
-0.31
4.0
-0.358
-0.367862
22.17
1105.2
243.3
4.95
-0.15
4.0
-0.351
-0.326226
22.13
1107.3
243.3
4.84
-0.26
4.0
-0.35
-0.308949
22.03
1108.9
242.6
4.84
-0.24
4.0
-0.358
-0.331081
21.89
1110.0
241.5
4.82
-0.24
4.0
-0.332
-0.225621
21.92
1112.8
242.1
4.66
-0.38
4.0
-0.304
-0.196486
21.94
1115.6
242.7
4.66
-0.36
4.0
-0.275
-0.159145
21.96
1118.2
243.2
4.67
-0.32
4.0
-0.259
-0.172971
21.89
1120.0
242.8
4.56
-0.41
4.0
-0.24
-0.115846
21.81
1121.7
242.3
4.54
-0.41
4.0
-0.225
-0.118483
21.71
1123.1
241.5
4.56
-0.35
4.0
-0.176
-0.0438148
21.89
1127.3
243.4
4.52
-0.36
4.0
-0.163
-0.0683394
21.8
1128.7
242.7
4.62
-0.23
4.0
-0.136
-0.0263276
21.83
1131.3
243.2
4.45
-0.37
4.0
-0.103
0.0310523
21.83
1133.6
243.3
4.53
-0.25
4.0
-0.086
0.00622279
21.77
1135.3
242.7
4.4
-0.34
4.0
-0.057
0.0376307
21.83
1138.1
243.4
4.45
-0.26
4.0
-0.047
0.0223644
21.76
1139.7
242.8
4.44
-0.24
4.0
-0.027
0.07633
21.73
1141.6
242.6
4.28
-0.35
4.0
-0.011
0.0797627
21.68
1143.3
242.1
4.4
-0.2
4.0
0.015
0.0680446
21.81
1146.8
243.4
4.32
-0.24
4.0
0.011
0.075146
21.62
1147.0
241.5
4.35
-0.18
4.0
0.042
0.0914258
21.8
1150.9
243.2
4.28
-0.21
4.0
0.037
0.0628454
21.69
1152.0
242.1
4.14
-0.32
4.0
0.035
0.0485405
21.65
1153.7
241.7
4.14
-0.28
4.0
0.047
0.0825323
21.7
1156.3
242.1
4.09
-0.3
4.0
0.041
0.00271031
21.7
1158.5
242.1
4.19
-0.16
4.0
0.036
0.0155477
21.7
1160.6
242.0
4.19
-0.13
4.0
0.023
-0.0303074
21.69
1162.7
241.9
4.13
-0.16
4.0
0.015
0.00222413
21.66
1164.5
241.5
4.13
-0.13
4.0
0.023
-0.021283
21.81
1168.1
243.0
4.03
-0.2
4.0
-0.0
-0.0619781
21.7
1169.2
241.9
3.99
-0.22
4.0
-0.003
-0.058592
21.76
1172.0
242.5
4.07
-0.11
4.0
-0.02
-0.11243
21.79
1174.4
242.8
4.0
-0.16
4.0
-0.032
-0.101379
21.78
1176.6
242.7
3.89
-0.24
4.0
-0.053
-0.127746
21.72
1178.2
242.3
3.9
-0.22
4.0
-0.065
-0.113801
21.72
1180.5
242.3
3.94
-0.16
4.0
-0.078
-0.164863
21.75
1183.0
242.7
3.9
-0.17
4.0
-0.101
-0.18705
21.71
1184.8
242.3
3.96
-0.1
4.0
-0.105
-0.16767
21.78
1187.8
243.1
3.86
-0.17
4.0
-0.14
-0.225258
21.61
1188.4
241.6
3.93
-0.09
4.0
-0.145
-0.232921
21.74
1192.1
243.1
3.96
-0.04
4.0
-0.158
-0.23913
21.77
1194.6
243.4
3.92
-0.06
4.0
-0.165
-0.207193
21.74
1196.6
243.3
3.9
-0.06
4.0
-0.182
-0.206624
21.61
1197.7
242.2
3.8
-0.15
4.0
-0.186
-0.203332
21.6
1200.0
242.3
3.72
-0.22
4.0
-0.184
-0.217779
21.67
1203.0
243.2
3.9
-0.03
4.0
-0.194
-0.188219
21.58
1204.5
242.5
3.86
-0.06
4.0
-0.196
-0.193357
21.54
1206.4
242.2
3.85
-0.05
4.0
-0.197
-0.170407
21.48
1208.2
241.9
3.68
-0.21
4.0
-0.189
-0.140567
21.48
1210.5
242.0
3.66
-0.22
4.0
-0.191
-0.166692
21.41
1212.2
241.5
3.76
-0.1
4.0
-0.164
-0.0777635
21.51
1215.5
242.7
3.77
-0.07
4.0
-0.156
-0.0773684
21.41
1216.8
241.9
3.74
-0.09
4.0
-0.132
-0.0630726
21.5
1219.9
242.9
3.73
-0.08
4.0
-0.115
-0.02222
21.48
1222.0
242.8
3.78
-0.02
4.0
-0.09
0.0116771
21.49
1224.4
243.1
3.63
-0.16
4.0
-0.071
0.0325059
21.45
1226.2
242.7
3.75
-0.02
4.0
-0.045
0.0597366
21.5
1228.9
243.3
3.58
-0.18
4.0
-0.022
0.105176
21.43
1230.4
242.7
3.61
-0.14
4.0
0.01
0.154237
21.45
1232.8
242.9
3.71
-0.02
4.0
0.028
0.124827
21.42
1234.6
242.5
3.58
-0.14
4.0
0.054
0.135297
21.5
1237.4
243.2
3.68
-0.02
4.0
0.075
0.157472
21.51
1239.7
243.3
3.62
-0.07
4.0
0.074
0.170212
21.34
1240.0
241.5
3.69
0.02
4.0
0.102
0.220062
21.38
1242.5
241.9
3.6
-0.06
4.0
0.134
0.207551
21.54
1246.1
243.3
3.63
-0.03
4.0
0.137
0.22131
21.39
1246.6
241.7
3.52
-0.12
4.0
0.166
0.226901
21.55
1250.2
243.2
3.68
0.05
4.0
0.179
0.233522
21.57
1252.3
243.1
3.61
-0.01
4.0
0.2
0.289995
21.58
1254.5
243.1
3.51
-0.09
4.0
0.212
0.24399
21.62
1256.8
243.3
3.49
-0.11
4.0
0.215
0.217236
21.62
1258.8
243.1
3.57
-0.02
4.0
0.217
0.228814
21.62
1260.7
242.9
3.63
0.05
4.0
0.222
0.240824
21.63
1262.8
242.8
3.56
-0.01
4.0
0.21
0.193242
21.56
1264.0
241.9
3.65
0.08
4.0
0.221
0.216249
21.67
1267.0
242.7
3.6
0.04
4.0
0.208
0.144007
21.69
1269.2
242.7
3.65
0.1
4.0
0.206
0.171894
21.74
1271.7
243.0
3.48
-0.07
4.0
0.177
0.112956
21.61
1272.3
241.5
3.62
0.07
4.0
0.168
0.117974
21.65
1274.7
241.7
3.6
0.05
4.0
0.154
0.0782729
21.66
1276.9
241.7
3.51
-0.04
4.0
0.146
0.0362725
21.83
1280.6
243.2
3.69
0.14
4.0
0.124
0.0161736
21.81
1282.3
242.8
3.54
-0.01
4.0
0.102
0.00895711
21.81
1284.4
242.8
3.56
0.02
4.0
0.081
-0.0348108
21.83
1286.8
242.9
3.64
0.09
4.0
0.052
-0.0596612
21.78
1288.4
242.3
3.7
0.15
4.0
0.024
-0.117637
21.81
1290.8
242.6
3.56
0.0
4.0
0.008
-0.0723577
21.82
1293.0
242.6
3.7
0.14
4.0
-0.01
-0.100408
21.83
1295.4
242.8
3.7
0.13
4.0
-0.036
-0.121936
21.74
1296.7
242.0
3.62
0.04
4.0
-0.065
-0.178183
21.73
1298.7
241.8
3.63
0.05
4.0
-0.077
-0.190484
21.84
1302.1
243.0
3.65
0.07
4.0
-0.108
-0.199594
21.73
1303.3
242.0
3.72
0.12
4.0
-0.117
-0.160209
21.76
1305.9
242.4
3.58
-0.02
4.0
-0.126
-0.144324
21.7
1307.6
242.0
3.69
0.08
4.0
-0.123
-0.153425
21.78
1310.7
242.8
3.76
0.15
4.0
-0.146
-0.188048
21.65
1311.7
241.7
3.7
0.08
4.0
-0.149
-0.165752
21.67
1314.2
242.1
3.66
0.04
4.0
-0.155
-0.137238
21.6
1315.8
241.5
3.58
-0.05
4.0
-0.135
-0.109652
21.73
1319.4
242.9
3.6
-0.04
4.0
-0.14
-0.146137
21.7
1321.4
242.8
3.69
0.05
4.0
-0.138
-0.0979525
21.66
1323.3
242.5
3.75
0.1
4.0
-0.128
-0.104427
21.68
1325.8
242.8
3.74
0.09
4.0
-0.11
0.01069
21.62
1327.5
242.4
3.64
-0.02
4.0
-0.094
-0.0157458
21.62
1329.8
242.5
3.66
-0.01
4.0
-0.08
0.0233566
21.54
1331.3
241.8
3.7
0.03
4.0
-0.055
0.0638527
21.55
1333.6
241.9
3.7
0.03
4.0
-0.034
0.0878778
21.52
1335.5
241.7
3.75
0.07
4.0
-0.005
0.136511
21.55
1337.9
242.0
3.65
-0.02
4.0
0.031
0.175201
21.59
1340.4
242.3
3.66
-0.02
4.0
0.053
0.168919
21.58
1342.5
242.2
3.65
-0.03
4.0
0.092
0.219099
21.68
1345.6
243.1
3.7
0.02
4.0
0.101
0.177372
21.62
1347.0
242.4
3.67
-0.01
4.0
0.137
0.256597
21.73
1350.2
243.4
3.65
-0.04
4.0
0.136
0.226738
21.55
1350.4
241.5
3.82
0.13
4.0
0.164
0.27127
21.63
1353.2
242.1
3.7
0.02
4.0
0.192
0.28014
21.7
1355.9
242.7
3.69
-0.0
4.0
0.21
0.287932
21.74
1358.3
242.8
3.7
0.01
4.0
0.212
0.264512
21.66
1359.5
241.9
3.74
0.04
4.0
0.233
0.250754
21.82
1363.0
243.2
3.69
-0.01
4.0
0.237
0.268689
21.81
1364.8
242.9
3.78
0.07
4.0
0.234
0.235116
21.76
1366.3
242.2
3.86
0.15
4.0
0.235
0.227453
21.81
1368.8
242.4
3.8
0.09
4.0
0.244
0.25687
21.88
1371.4
242.9
3.73
0.0
4.0
0.239
0.187066
21.92
1373.7
243.1
3.79
0.06
4.0
0.222
0.172947
21.87
1375.1
242.3
3.93
0.2
4.0
0.213
0.145729
21.93
1377.7
242.7
3.79
0.04
4.0
0.202
0.120555
21.98
1380.3
243.0
3.78
0.03
4.0
0.186
0.131991
21.95
1382.0
242.5
3.83
0.07
4.0
0.173
0.0839541
22.01
1384.5
242.9
3.83
0.06
4.0
0.148
0.032241
22.0
1386.6
242.7
3.95
0.17
4.0
0.118
0.0197652
21.91
1387.7
241.7
3.97
0.18
4.0
0.104
0.00540519
22.0
1390.6
242.4
3.94
0.14
4.0
0.071
-0.0408684
21.93
1392.1
241.6
3.94
0.13
4.0
0.06
-0.0368133
22.03
1395.2
242.5
3.97
0.15
4.0
0.032
-0.0570859
21.96
1396.7
241.9
3.98
0.14
4.0
0.019
-0.0980665
22.07
1400.0
242.9
3.91
0.07
4.0
-0.003
-0.0777087
22.01
1401.5
242.2
4.07
0.21
4.0
-0.022
-0.0733549
21.95
1403.1
241.7
3.91
0.04
4.0
-0.039
-0.133174
21.97
1405.5
241.9
3.97
0.08
4.0
-0.068
-0.177691
21.93
1407.4
241.6
4.08
0.19
4.0
-0.079
-0.179465
22.03
1410.7
242.6
4.06
0.15
4.0
-0.105
-0.152319
21.93
1411.9
241.7
4.07
0.14
4.0
-0.095
-0.119039
22.06
1415.5
243.1
3.99
0.05
4.0
-0.108
-0.158841
22.02
1417.4
242.8
4.17
0.22
4.0
-0.112
-0.142247
22.02
1419.8
243.0
4.07
0.11
4.0
-0.116
-0.105985
21.96
1421.6
242.5
4.01
0.03
4.0
-0.124
-0.109623
21.89
1423.1
241.9
4.14
0.14
4.0
-0.121
-0.0889001
21.86
1425.2
241.7
4.11
0.1
4.0
-0.108
-0.0648256
21.91
1427.9
242.3
4.07
0.04
4.0
-0.104
-0.079218
21.9
1430.2
242.4
4.18
0.13
4.0
-0.099
-0.0750719
21.91
1432.6
242.6
4.08
0.02
4.0
-0.094
-0.0376604
21.85
1434.3
242.1
4.25
0.18
4.0
-0.067
0.0259589
21.93
1437.2
242.9
4.18
0.09
4.0
-0.063
0.030962
21.78
1438.1
241.5
4.19
0.1
4.0
-0.036
0.069294
21.84
1440.8
242.1
4.12
0.01
4.0
-0.016
0.0720292
21.86
1443.3
242.3
4.16
0.04
4.0
-0.011
0.0766439
21.77
1444.6
241.5
4.25
0.12
4.0
0.016
0.124644
21.83
1447.3
242.0
4.33
0.18
4.0
0.046
0.138588
21.93
1450.5
243.0
4.33
0.18
4.0
0.059
0.186768
21.81
1451.5
241.8
4.3
0.13
4.0
0.094
0.170582
21.97
1455.2
243.3
4.24
0.07
4.0
0.099
0.164777
21.89
1456.4
242.4
4.31
0.12
4.0
0.117
0.183122
21.93
1458.9
242.6
4.31
0.12
4.0
0.128
0.237281
21.85
1460.2
241.8
4.23
0.03
4.0
0.152
0.200734
21.98
1463.5
242.9
4.39
0.18
4.0
0.171
0.241651
22.0
1465.7
242.9
4.29
0.07
4.0
0.187
0.237868
22.04
1468.2
243.2
4.36
0.13
4.0
0.188
0.267703
21.93
1469.1
241.8
4.28
0.05
4.0
0.21
0.254794
22.03
1472.1
242.7
4.3
0.05
4.0
0.2
0.220581
21.93
1473.1
241.5
4.43
0.18
4.0
0.21
0.23065
21.98
1475.6
241.8
4.39
0.12
4.0
0.201
0.175491
21.99
1477.7
241.7
4.42
0.15
4.0
0.219
0.199181
22.18
1481.6
243.3
4.34
0.06
4.0
0.194
0.156252
22.05
1482.3
241.8
4.43
0.15
4.0
0.194
0.179535
22.1
1484.8
242.1
4.31
0.01
4.0
0.19
0.145168
22.14
1487.2
242.3
4.47
0.16
4.0
0.169
0.0975047
22.1
1488.9
241.8
4.36
0.04
4.0
0.158
0.0257462
22.26
1492.5
243.2
4.37
0.05
4.0
0.134
0.00336044
22.29
1494.9
243.3
4.38
0.06
4.0
0.107
-0.0170594
22.27
1496.8
243.0
4.45
0.12
4.0
0.08
-0.043643
22.25
1498.7
242.7
4.48
0.14
4.0
0.067
-0.0225533
22.31
1501.5
243.3
4.51
0.17
4.0
0.044
-0.08306
22.32
1503.7
243.3
4.35
-0.01
4.0
0.018
-0.0999936
22.3
1505.7
243.1
4.47
0.11
4.0
-0.007
-0.0838552
22.2
1507.0
242.1
4.38
0.01
4.0
-0.03
-0.108799
22.15
1508.8
241.6
4.43
0.05
4.0
-0.057
-0.158662
22.13
1510.8
241.5
4.4
0.01
4.0
-0.056
-0.145169
22.3
1514.8
243.3
4.39
-0.0
4.0
-0.08
-0.202914
22.3
1517.0
243.2
4.41
0.0
4.0
-0.113
-0.205307
22.17
1518.1
242.1
4.47
0.05
4.0
-0.128
-0.17713
22.14
1520.1
241.9
4.47
0.05
4.0
-0.148
-0.236002
22.13
1522.4
241.9
4.41
-0.03
4.0
-0.153
-0.183284
22.15
1525.0
242.3
4.5
0.06
4.0
-0.158
-0.179474
22.14
1527.2
242.3
4.43
-0.02
4.0
-0.18
-0.228135
22.04
1528.6
241.5
4.6
0.15
4.0
-0.163
-0.163817
22.21
1532.7
243.4
4.52
0.06
4.0
-0.174
-0.12561
22.02
1533.1
241.6
4.58
0.11
4.0
-0.166
-0.11861
22.0
1535.4
241.6
4.58
0.1
4.0
-0.161
-0.134662
21.99
1537.6
241.7
4.59
0.1
4.0
-0.139
-0.100692
22.12
1541.3
243.2
4.58
0.08
4.0
-0.13
-0.0941892
22.12
1543.6
243.3
4.5
-0.01
4.0
-0.123
-0.0878887
22.12
1545.9
243.4
4.47
-0.04
4.0
-0.113
-0.0448531
22.05
1547.6
242.8
4.47
-0.04
4.0
-0.1
-0.0031241
21.99
1549.2
242.3
4.55
0.02
4.0
-0.083
0.0558835
21.9
1550.6
241.5
4.63
0.1
4.0
-0.047
0.0450208
22.04
1554.3
242.9
4.54
-0.0
4.0
-0.037
0.0681138
21.94
1555.5
242.0
4.65
0.11
4.0
-0.01
0.0677139
22.04
1558.8
243.1
4.56
0.01
4.0
0.007
0.121564
21.97
1560.2
242.3
4.52
-0.03
4.0
0.04
0.127703
22.08
1563.6
243.4
4.49
-0.07
4.0
0.039
0.109818
21.94
1564.3
242.0
4.5
-0.06
4.0
0.058
0.183842
21.91
1566.1
241.6
4.63
0.06
4.0
0.092
0.189571
22.03
1569.4
242.7
4.51
-0.06
4.0
0.113
0.239548
21.98
1571.1
242.1
4.56
-0.01
4.0
0.138
0.24009
22.01
1573.5
242.3
4.57
-0.0
4.0
0.149
0.176503
22.06
1576.0
242.7
4.66
0.08
4.0
0.151
0.22372
21.96
1577.0
241.5
4.54
-0.04
4.0
0.176
0.221006
22.1
1580.5
242.7
4.52
-0.06
4.0
0.178
0.177025
22.14
1582.9
243.0
4.52
-0.07
4.0
0.19
0.21449
22.18
1585.4
243.2
4.57
-0.02
4.0
0.192
0.183725
22.2
1587.5
243.2
4.65
0.07
4.0
0.187
0.195514
22.14
1589.0
242.4
4.61
0.02
4.0
0.177
0.145841
22.12
1590.9
242.1
4.7
0.11
4.0
0.169
0.0966474
22.19
1593.6
242.5
4.6
0.01
4.0
0.153
0.108526
22.15
1595.3
242.0
4.54
-0.06
4.0
0.151
0.108711
22.22
1598.0
242.6
4.6
0.01
4.0
0.131
0.0629578
22.17
1599.6
241.9
4.7
0.11
4.0
0.125
0.0811592
22.21
1602.1
242.2
4.61
0.01
4.0
0.118
0.0404285
22.28
1604.9
242.7
4.56
-0.03
4.0
0.095
0.00758289
22.26
1606.8
242.4
4.62
0.03
4.0
0.088
-0.0152668
22.36
1609.9
243.4
4.72
0.12
4.0
0.051
-0.0551272
22.25
1611.0
242.2
4.75
0.15
4.0
0.033
-0.0616865
22.26
1613.3
242.2
4.66
0.06
4.0
0.017
-0.0349618
22.23
1615.2
241.9
4.64
0.03
4.0
-0.005
-0.078289
22.19
1617.0
241.5
4.63
0.02
4.0
-0.012
-0.145997
22.37
1621.0
243.3
4.58
-0.04
4.0
-0.054
-0.162215
22.18
1621.4
241.5
4.75
0.12
4.0
-0.07
-0.200223
22.3
1624.8
242.7
4.62
-0.01
4.0
-0.1
-0.216434
22.24
1626.6
242.2
4.65
0.02
4.0
-0.12
-0.229009
22.28
1629.3
242.7
4.68
0.04
4.0
-0.133
-0.151233
22.2
1630.9
242.0
4.66
0.02
4.0
-0.149
-0.192878
22.14
1632.6
241.5
4.65
0.01
4.0
-0.143
-0.177105
22.26
1636.2
242.9
4.63
-0.02
4.0
-0.168
-0.201829
22.12
1637.2
241.7
4.63
-0.03
4.0
-0.165
-0.177141
22.17
1640.1
242.3
4.81
0.14
4.0
-0.163
-0.189964
22.22
1642.9
243.0
4.68
0.01
4.0
-0.168
-0.125228
22.1
1644.1
241.9
4.75
0.07
4.0
-0.151
-0.122465
22.18
1647.3
242.9
4.71
0.02
4.0
-0.147
-0.143113
22.2
1649.8
243.2
4.7
0.01
4.0
-0.148
-0.0773417
22.06
1650.8
242.0
4.8
0.1
4.0
-0.131
-0.0698442
22.08
1653.4
242.4
4.72
0.02
4.0
-0.109
-0.0236797
22.13
1656.3
243.0
4.69
-0.02
4.0
-0.11
-0.0580718
22.02
1657.4
242.0
4.66
-0.06
4.0
-0.092
-0.0176764
22.03
1659.9
242.2
4.74
0.02
4.0
-0.074
0.0299528
22.02
1662.0
242.1
4.85
0.12
4.0
-0.052
0.0485689
22.04
1664.5
242.4
4.87
0.13
4.0
-0.024
0.0649924
22.12
1667.5
243.3
4.81
0.07
4.0
-0.012
0.0973792
22.01
1668.6
242.2
4.8
0.05
4.0
0.007
0.106554
22.0
1670.7
242.1
4.8
0.05
4.0
0.02
0.111046
21.96
1672.5
241.6
4.86
0.11
4.0
0.051
0.10377
22.13
1676.4
243.3
4.86
0.1
4.0
0.065
0.161232
22.08
1678.1
242.8
4.69
-0.07
4.0
0.09
0.210864
22.07
1680.1
242.6
4.83
0.07
4.0
0.113
0.197013
22.13
1682.8
243.1
4.81
0.04
4.0
0.137
0.242352
22.13
1684.8
242.9
4.7
-0.07
4.0
0.15
0.201012
22.14
1687.0
242.9
4.82
0.05
4.0
0.162
0.209089
22.14
1689.1
242.8
4.75
-0.02
4.0
0.171
0.214526
22.16
1691.3
242.8
4.79
0.01
4.0
0.177
0.215456
22.13
1693.1
242.4
4.89
0.11
4.0
0.175
0.165799
22.13
1695.2
242.2
4.81
0.03
4.0
0.177
0.218625
22.1
1696.8
241.7
4.8
0.02
4.0
0.184
0.153413
22.23
1700.1
242.8
4.73
-0.05
4.0
0.193
0.193553
22.3
1703.0
243.4
4.85
0.07
4.0
0.193
0.18114
22.31
1705.1
243.3
4.9
0.11
4.0
0.168
0.0872353
22.22
1706.3
242.2
4.89
0.1
4.0
0.16
0.10447
22.27
1708.8
242.5
4.84
0.05
4.0
0.156
0.0955135
22.35
1711.6
243.1
4.79
-0.01
4.0
0.137
0.0448504
22.33
1713.6
242.8
4.85
0.06
4.0
0.124
0.0338982
22.39
1716.3
243.3
4.85
0.06
4.0
0.084
-0.0165629
22.22
1716.7
241.5
4.78
-0.02
4.0
0.074
-0.0293587
22.35
1720.1
242.6
4.86
0.06
4.0
0.044
-0.0789327
22.29
1721.7
242.1
4.82
0.01
4.0
0.026
-0.0818274
22.33
1724.3
242.4
4.89
0.09
4.0
-0.002
-0.118296
22.31
1726.3
242.2
4.8
-0.0
4.0
-0.007
-0.0939746
22.43
1729.8
243.4
4.88
0.07
4.0
-0.039
-0.189029
22.41
1731.8
243.2
4.87
0.06
4.0
-0.066
-0.14252
22.31
1733.1
242.3
4.79
-0.02
4.0
-0.09
-0.192382
22.29
1735.2
242.2
4.93
0.11
4.0
-0.106
-0.194922
22.3
1737.7
242.4
4.87
0.05
4.0
-0.127
-0.178241
22.23
1739.3
241.8
4.83
0.01
4.0
-0.138
-0.236808
22.3
1742.4
242.6
4.91
0.08
4.0
-0.143
-0.182409
22.33
1745.0
243.1
4.86
0.03
4.0
-0.172
-0.22073
22.18
1745.9
241.7
4.94
0.11
4.0
-0.172
-0.206436
22.23
1748.8
242.4
4.84
0.01
4.0
-0.183
-0.204389
22.16
1750.5
241.9
4.82
-0.02
4.0
-0.192
-0.214844
22.14
1752.7
241.8
4.82
-0.02
4.0
-0.187
-0.175732
22.16
1755.3
242.2
4.77
-0.07
4.0
-0.186
-0.191938
22.18
1757.9
242.6
4.86
0.01
4.0
-0.17
-0.138557
22.25
1761.0
243.4
4.82
-0.04
4.0
-0.17
-0.1188
22.16
1762.5
242.7
4.94
0.08
4.0
-0.151
-0.071585
22.16
1764.8
242.9
4.91
0.04
4.0
-0.153
-0.100414
22.04
1766.0
241.8
4.94
0.07
4.0
-0.136
-0.0528606
22.03
1768.3
241.9
4.89
0.02
4.0
-0.108
-0.0166099
22.11
1771.4
242.9
4.87
-0.01
4.0
-0.088
-0.0194109
22.15
1774.1
243.3
4.96
0.08
4.0
-0.074
0.0379559
22.06
1775.5
242.5
4.82
-0.06
4.0
-0.063
0.0416799
21.97
1776.9
241.7
4.84
-0.04
4.0
-0.033
0.0805244
22.02
1779.6
242.2
4.89
0.01
4.0
-0.003
0.103183
22.1
1782.6
243.0
4.82
-0.06
4.0
0.016
0.14498
22.02
1784.1
242.3
4.99
0.11
4.0
0.046
0.156536
22.08
1786.8
242.8
4.94
0.06
4.0
0.076
0.181904
22.12
1789.4
243.2
4.84
-0.05
4.0
0.075
0.161694
21.97
1790.0
241.6
4.94
0.05
4.0
0.112
0.204848
22.13
1793.7
243.1
4.89
-0.0
4.0
0.131
0.212996
22.14
1795.9
243.0
4.94
0.04
4.0
0.146
0.206195
22.15
1798.1
243.0
4.98
0.09
4.0
0.149
0.243978
22.01
1798.7
241.5
4.97
0.08
4.0
0.175
0.228595
22.15
1802.2
242.7
4.85
-0.05
4.0
0.176
0.182066
22.15
1804.2
242.5
5.0
0.1
4.0
0.177
0.171636
22.16
1806.4
242.5
4.98
0.09
4.0
0.18
0.196184
22.18
1808.6
242.5
4.95
0.05
4.0
0.179
0.173337
22.19
1810.7
242.4
5.0
0.1
4.0
0.186
0.159638
22.28
1813.7
243.2
4.89
-0.0
4.0
0.176
0.178156
22.2
1815.0
242.2
4.98
0.08
4.0
0.167
0.0967119
22.25
1817.4
242.4
4.83
-0.07
4.0
0.161
0.122223
22.27
1819.8
242.6
4.95
0.05
4.0
0.142
0.0492657
22.28
1821.9
242.5
4.83
-0.07
4.0
0.118
0.0539879
22.2
1823.2
241.5
4.95
0.05
4.0
0.11
-0.0190718
22.36
1827.0
243.0
4.86
-0.04
4.0
0.088
0.000917441
22.34
1828.9
242.7
4.97
0.07
4.0
0.06
-0.0220967
22.24
1830.0
241.6
4.84
-0.07
4.0
0.049
-0.0261136
22.3
1832.8
242.2
4.9
0.0
4.0
0.032
-0.0968714
22.4
1835.9
243.1
4.87
-0.04
4.0
0.001
-0.0989138
22.29
1837.1
242.0
4.84
-0.06
4.0
-0.025
-0.112261
22.24
1838.8
241.5
4.93
0.02
4.0
-0.038
-0.0962503
22.25
1841.2
241.6
5.03
0.12
4.0
-0.056
-0.173212
22.31
1844.1
242.3
4.87
-0.05
4.0
-0.076
-0.157023
22.28
1846.1
242.1
5.02
0.1
4.0
-0.105
-0.202892
22.21
1847.7
241.5
4.9
-0.02
4.0
-0.102
-0.176057
22.38
1851.8
243.3
4.95
0.04
4.0
-0.12
-0.203386
22.36
1853.8
243.1
5.01
0.09
4.0
-0.129
-0.165769
22.34
1856.0
243.1
4.92
-0.0
4.0
-0.161
-0.22833
22.17
1856.7
241.6
4.85
-0.08
4.0
-0.149
-0.163939
22.32
1860.6
243.2
4.85
-0.08
4.0
-0.161
-0.241059
22.32
1863.0
243.4
4.89
-0.05
4.0
-0.184
-0.181346
22.13
1863.4
241.6
4.93
-0.01
4.0
-0.178
-0.1466
22.12
1865.7
241.7
4.89
-0.05
4.0
-0.177
-0.180024
22.15
1868.5
242.2
5.02
0.08
4.0
-0.174
-0.160355
22.15
1870.9
242.4
5.01
0.06
4.0
-0.154
-0.102437
22.21
1873.8
243.1
4.87
-0.08
4.0
-0.151
-0.0687534
22.09
1875.0
242.1
4.91
-0.04
4.0
-0.142
-0.106323
22.09
1877.4
242.3
4.91
-0.04
4.0
-0.122
-0.0245056
22.09
1879.7
242.4
4.98
0.03
4.0
-0.101
0.0166987
22.06
1881.7
242.2
5.04
0.09
4.0
-0.09
-0.00487247
21.99
1883.3
241.6
4.9
-0.05
4.0
-0.069
0.0201471
22.05
1886.2
242.2
4.91
-0.04
4.0
-0.045
0.0510772
22.07
1888.7
242.5
4.87
-0.09
4.0
-0.019
0.0962498
22.1
1891.2
242.8
4.92
-0.04
4.0
-0.005
0.0767555
22.06
1893.0
242.4
4.86
-0.09
4.0
0.029
0.140017
22.16
1896.2
243.4
4.98
0.02
4.0
0.037
0.147511
22.0
1896.8
241.8
4.96
0.0
4.0
0.056
0.125767
22.06
1899.5
242.3
4.92
-0.04
4.0
0.078
0.194569
22.05
1901.6
242.2
4.96
-0.01
4.0
0.101
0.191919
22.07
1903.9
242.3
5.05
0.09
4.0
0.121
0.185838
22.14
1906.7
242.9
5.02
0.06
4.0
0.125
0.201387
22.03
1907.7
241.6
5.03
0.06
4.0
0.15
0.230304
22.12
1910.7
242.4
4.87
-0.09
4.0
0.165
0.213781
22.16
1913.1
242.7
4.97
0.01
4.0
0.171
0.21538
22.14
1915.0
242.3
5.01
0.05
4.0
0.189
0.214969
22.25
1918.0
243.2
5.04
0.08
4.0
0.194
0.203548
22.28
1920.4
243.3
4.97
0.01
4.0
0.178
0.164889
22.14
1921.0
241.7
4.99
0.03
4.0
0.184
0.167363
22.24
1924.1
242.6
4.98
0.03
4.0
0.168
0.10159
22.24
1926.1
242.3
4.96
0.01
4.0
0.163
0.115876
22.28
1928.6
242.6
4.94
-0.02
4.0
0.153
0.0574384
22.37
1931.6
243.4
4.97
0.02
4.0
0.12
0.0361565
22.23
1932.3
241.8
4.98
0.04
4.0
0.122
0.0447757
22.38
1935.9
243.2
4.92
-0.02
4.0
0.103
-0.00831132
22.41
1938.3
243.4
4.94
0.0
4.0
0.081
-0.0239664
22.4
1940.4
243.2
5.01
0.08
4.0
0.056
-0.0668259
22.39
1942.4
243.1
4.83
-0.09
4.0
0.025
-0.0554762
22.27
1943.4
241.8
4.82
-0.1
4.0
0.007
-0.0906529
22.3
1946.0
242.1
4.89
-0.03
4.0
-0.013
-0.093694
22.27
1947.8
241.8
4.83
-0.09
4.0
-0.03
-0.0982925
22.27
1950.1
241.8
4.97
0.06
4.0
-0.049
-0.167015
22.31
1952.8
242.2
4.91
-0.0
4.0
-0.068
-0.172827
22.35
1955.5
242.7
4.9
-0.01
4.0
-0.094
-0.19413
22.29
1957.2
242.2
4.87
-0.04
4.0
-0.103
-0.172069
22.35
1960.1
242.8
4.92
0.01
4.0
-0.121
-0.195823
22.32
1962.2
242.7
4.89
-0.02
4.0
-0.125
-0.156818
22.34
1964.7
243.0
4.84
-0.07
4.0
-0.141
-0.192341
22.26
1966.2
242.3
4.94
0.03
4.0
-0.15
-0.161709
22.22
1968.2
242.1
4.82
-0.09
4.0
-0.147
-0.195143
22.32
1971.7
243.3
4.92
0.01
4.0
-0.162
-0.199953
22.26
1973.4
242.8
4.84
-0.07
4.0
-0.164
-0.181102
22.24
1975.6
242.8
4.89
-0.02
4.0
-0.17
-0.184996
22.22
1977.8
242.8
4.84
-0.07
4.0
-0.173
-0.165465
22.17
1979.7
242.4
4.87
-0.05
4.0
-0.16
-0.115726
22.21
1982.5
243.0
4.93
0.02
4.0
-0.158
-0.134654
22.16
1984.4
242.7
4.92
0.01
4.0
-0.145
-0.055271
22.11
1986.2
242.3
4.84
-0.08
4.0
-0.126
-0.0930485
22.2
1989.4
243.3
5.0
0.08
4.0
-0.131
-0.0460814
22.0
1989.8
241.5
5.02
0.1
4.0
-0.104
-0.040436
22.12
1993.3
242.7
5.01
0.08
4.0
-0.078
0.0498724
22.11
1995.5
242.8
5.03
0.11
4.0
-0.066
0.0591247
22.0
1996.7
241.7
5.01
0.08
4.0
-0.032
0.0712259
22.09
1999.9
242.7
5.0
0.07
4.0
-0.025
0.0663644
21.98
2001.0
241.6
5.02
0.09
4.0
0.013
0.151772
22.09
2004.3
242.8
4.96
0.02
4.0
0.045
0.163086
22.14
2007.0
243.2
5.0
0.07
4.0
0.056
0.124583
22.09
2008.6
242.6
4.95
0.01
4.0
0.078
0.158391
22.16
2011.4
243.2
5.02
0.08
4.0
0.085
0.208625
21.99
2011.9
241.5
4.87
-0.07
4.0
0.129
0.224659
22.19
2016.0
243.4
4.84
-0.1
4.0
0.13
0.171272
22.12
2017.4
242.6
5.01
0.07
4.0
0.142
0.215057
22.1
2019.2
242.2
5.01
0.07
4.0
0.158
0.214564
22.14
2021.7
242.5
5.0
0.06
4.0
0.171
0.228057
22.14
2023.8
242.3
4.99
0.05
4.0
0.178
0.20044
22.18
2026.2
242.5
4.99
0.05
4.0
0.194
0.233106
22.25
2029.0
243.1
4.96
0.02
4.0
0.185
0.2015
22.13
2029.8
241.7
4.95
0.01
4.0
0.178
0.167015
22.13
2031.8
241.5
5.03
0.08
4.0
0.182
0.177537
22.19
2034.4
241.9
4.96
0.02
4.0
0.173
0.119729
22.22
2036.8
242.0
4.86
-0.08
4.0
0.172
0.11826
22.32
2039.8
242.8
4.96
0.03
4.0
0.156
0.109003
22.28
2041.5
242.2
4.99
0.05
4.0
0.147
0.0875577
22.31
2043.9
242.4
4.9
-0.03
4.0
0.139
0.0851262
22.34
2046.3
242.6
4.91
-0.03
4.0
0.133
0.0573696
22.42
2049.2
243.3
4.96
0.03
4.0
0.105
0.034581
22.3
2050.1
241.9
4.97
0.04
4.0
0.081
-0.0383624
22.32
2052.4
242.0
4.86
-0.07
4.0
0.053
-0.0463683
22.27
2054.1
241.5
5.04
0.11
4.0
0.044
-0.0565332
22.38
2057.4
242.5
5.01
0.08
4.0
0.014
-0.102857
22.35
2059.3
242.2
4.98
0.05
4.0
-0.015
-0.1458
22.33
2061.3
242.0
4.92
-0.01
4.0
-0.027
-0.113749
22.39
2064.2
242.6
5.05
0.12
4.0
-0.063
-0.175211
22.3
2065.6
241.7
4.96
0.02
4.0
-0.072
-0.164562
22.39
2068.7
242.7
5.04
0.11
4.0
-0.099
-0.213495
22.36
2070.8
242.5
4.98
0.04
4.0
-0.113
-0.212037
22.41
2073.6
243.1
4.95
0.02
4.0
-0.136
-0.221957
22.36
2075.5
242.8
5.06
0.12
4.0
-0.146
-0.214374
22.38
2078.1
243.1
4.89
-0.05
4.0
-0.164
-0.175204
22.24
2079.1
241.9
5.07
0.13
4.0
-0.173
-0.18256
22.19
2081.0
241.5
4.92
-0.02
4.0
-0.18
-0.228185
22.22
2083.7
242.0
5.0
0.05
4.0
-0.174
-0.174262
22.27
2086.5
242.6
5.0
0.04
4.0
-0.182
-0.167166
22.18
2088.0
241.9
5.04
0.08
4.0
-0.175
-0.109346
22.13
2089.9
241.6
4.97
0.01
4.0
-0.166
-0.148408
22.17
2092.8
242.2
4.9
-0.07
4.0
-0.147
-0.0799154
22.23
2095.8
243.0
4.99
0.02
4.0
-0.135
-0.109434
22.26
2098.4
243.4
4.93
-0.05
4.0
-0.133
-0.0510864
22.12
2099.4
242.1
5.0
0.02
4.0
-0.124
-0.0802722
22.12
2101.6
242.2
5.0
0.02
4.0
-0.101
-0.0131511
22.15
2104.3
242.6
5.04
0.05
4.0
-0.079
0.0166784
22.17
2106.8
243.0
4.99
0.0
4.0
-0.055
0.0503399
22.16
2109.0
242.9
4.97
-0.03
4.0
-0.053
0.0167071
22.06
2110.2
241.9
4.98
-0.02
4.0
-0.027
0.0640794
22.13
2113.2
242.7
4.93
-0.07
4.0
-0.003
0.0877094
22.15
2115.7
243.0
5.05
0.05
4.0
0.011
0.134505
22.06
2117.0
242.0
4.97
-0.03
4.0
0.043
0.119609
22.19
2120.4
243.3
5.03
0.03
4.0
0.056
0.132548
22.15
2122.2
242.9
4.91
-0.09
4.0
0.07
0.133142
22.15
2124.4
242.8
5.08
0.08
4.0
0.092
0.183379
22.19
2126.9
243.1
4.92
-0.08
4.0
0.099
0.205186
22.05
2127.6
241.6
4.92
-0.09
4.0
0.13
0.185935
22.22
2131.4
243.2
4.98
-0.03
4.0
0.133
0.223006
22.08
2132.0
241.6
5.03
0.03
4.0
0.151
0.179205
22.2
2135.4
242.7
5.0
-0.01
4.0
0.156
0.207597
22.15
2137.0
242.1
4.99
-0.01
4.0
0.17
0.209772
22.2
2139.5
242.4
4.94
-0.07
4.0
0.184
0.182281
22.32
2142.7
243.4
4.98
-0.03
4.0
0.177
0.136586
22.33
2144.9
243.4
4.92
-0.09
4.0
0.163
0.155581
22.23
2145.9
242.1
4.99
-0.01
4.0
0.157
0.146364
22.18
2147.5
241.5
4.92
-0.08
4.0
0.153
0.127389
22.22
2149.9
241.7
4.97
-0.03
4.0
0.147
0.0661285
22.33
2153.1
242.7
4.95
-0.05
4.0
0.147
0.108121
22.4
2155.9
243.3
4.96
-0.04
4.0
0.132
0.0610987
22.37
2157.8
242.9
4.94
-0.05
4.0
0.107
0.0511363
22.27
2158.8
241.7
5.0
0.01
4.0
0.092
0.018177
22.29
2161.2
241.8
4.91
-0.09
4.0
0.076
-0.0546931
22.39
2164.3
242.7
4.9
-0.1
4.0
0.055
-0.0762893
22.45
2167.1
243.3
4.92
-0.07
4.0
0.016
-0.11803
22.34
2168.2
242.1
5.07
0.08
4.0
-0.005
-0.0903338
22.32
2170.2
241.9
5.04
0.05
4.0
-0.026
-0.151379
22.37
2173.0
242.4
5.01
0.03
4.0
-0.05
-0.171529
22.38
2175.4
242.6
5.08
0.1
4.0
-0.076
-0.152601
22.31
2176.9
241.9
5.08
0.09
4.0
-0.081
-0.168192
22.42
2180.3
243.1
4.94
-0.04
4.0
-0.112
-0.178555
22.27
2181.2
241.7
5.08
0.09
4.0
-0.125
-0.221768
22.32
2184.0
242.3
4.98
-0.0
4.0
-0.141
-0.211372
22.31
2186.3
242.3
5.01
0.02
4.0
-0.152
-0.182261
22.29
2188.4
242.2
4.97
-0.02
4.0
-0.167
-0.242149
22.28
2190.8
242.4
4.91
-0.08
4.0
-0.177
-0.233893
22.29
2193.3
242.7
5.01
0.02
4.0
-0.182
-0.153903
22.2
2194.8
241.9
4.97
-0.02
4.0
-0.179
-0.195107
22.24
2197.6
242.5
5.06
0.06
4.0
-0.19
-0.194301
22.17
2199.3
242.0
5.03
0.04
4.0
-0.168
-0.142507
22.29
2202.9
243.3
5.08
0.09
4.0
-0.173
-0.153075
22.2
2204.4
242.7
5.08
0.08
4.0
-0.157
-0.125882
22.26
2207.4
243.4
4.97
-0.02
4.0
-0.151
-0.0868608
22.19
2209.0
242.8
5.04
0.04
4.0
-0.143
-0.0917336
22.16
2211.1
242.7
5.04
0.04
4.0
-0.128
-0.0154287
22.08
2212.6
242.0
4.99
-0.02
4.0
-0.115
-0.0505392
22.07
2214.9
242.0
4.91
-0.09
4.0
-0.091
0.00430287
22.12
2217.7
242.7
4.91
-0.1
4.0
-0.071
0.0176337
22.12
2220.0
242.8
4.99
-0.02
4.0
-0.057
0.0318575
22.09
2222.0
242.6
5.11
0.1
4.0
-0.026
0.0968499
22.11
2224.4
242.8
4.95
-0.07
4.0
-0.009
0.140992
22.0
2225.5
241.7
5.03
0.02
4.0
0.027
0.113544
22.14
2229.2
243.1
5.09
0.07
4.0
0.037
0.174094
21.99
2229.8
241.5
5.08
0.06
4.0
0.064
0.158733
22.05
2232.6
242.1
5.07
0.05
4.0
0.084
0.192829
22.06
2234.8
242.1
5.09
0.07
4.0
0.111
0.183473
22.16
2237.9
243.0
4.95
-0.06
4.0
0.129
0.237684
22.12
2239.6
242.5
5.03
0.01
4.0
0.148
0.183877
22.2
2242.5
243.2
4.98
-0.04
4.0
0.142
0.17231
22.1
2243.6
242.0
5.09
0.08
4.0
0.148
0.167084
22.13
2245.9
242.2
4.98
-0.03
4.0
0.157
0.213455
22.12
2247.8
241.8
5.02
0.01
4.0
0.166
0.202823
22.14
2250.1
241.9
5.07
0.06
4.0
0.166
0.151083
22.18
2252.6
242.1
5.0
-0.01
4.0
0.162
0.154405
22.16
2254.5
241.8
4.97
-0.03
4.0
0.17
0.174238
22.24
2257.3
242.4
4.94
-0.06
4.0
0.167
0.114929
22.33
2260.2
243.1
5.06
0.06
4.0
0.164
0.12954
22.34
2262.3
243.0
5.07
0.08
4.0
0.138
0.0947398
22.2
2263.1
241.6
4.93
-0.06
4.0
0.128
0.0666044
22.23
2265.5
241.7
4.88
-0.11
4.0
0.124
0.0664815
22.32
2268.5
242.5
4.94
-0.05
4.0
0.095
-0.00760026
22.27
2270.1
241.9
5.05
0.06
4.0
0.09
0.00232943
22.39
2273.4
242.9
4.89
-0.09
4.0
0.056
-0.0636375
22.3
2274.7
242.0
4.93
-0.05
4.0
0.042
-0.070316
22.39
2277.8
242.8
4.97
-0.01
4.0
0.013
-0.0434538
22.26
2278.6
241.5
4.89
-0.09
4.0
0.006
-0.132207
22.45
2282.8
243.4
5.02
0.05
4.0
-0.014
-0.125055
22.45
2285.0
243.4
4.93
-0.04
4.0
-0.05
-0.13651
22.3
2285.9
242.0
4.92
-0.05
4.0
-0.074
-0.182775
22.29
2288.0
241.9
4.93
-0.04
4.0
-0.082
-0.182721
22.4
2291.5
243.1
4.94
-0.02
4.0
-0.092
-0.159227
22.42
2294.0
243.4
4.91
-0.05
4.0
-0.114
-0.197075
22.35
2295.6
242.8
4.96
-0.0
4.0
-0.131
-0.219109
22.36
2298.0
243.0
4.91
-0.05
4.0
-0.14
-0.198593
22.37
2300.5
243.2
5.05
0.09
4.0
-0.152
-0.162736
22.28
2302.1
242.5
4.87
-0.09
4.0
-0.175
-0.237651
22.18
2303.4
241.7
5.06
0.1
4.0
-0.174
-0.206675
22.25
2306.5
242.5
5.02
0.06
4.0
-0.18
-0.210209
22.26
2309.1
242.9
4.95
-0.01
4.0
-0.177
-0.137541
22.2
2310.8
242.4
4.91
-0.05
4.0
-0.183
-0.158168
22.11
2312.3
241.6
4.88
-0.07
4.0
-0.162
-0.146464
22.26
2316.2
243.4
4.97
0.01
4.0
-0.156
-0.12904
22.25
2318.5
243.4
4.97
0.01
4.0
-0.164
-0.0966926
22.04
2318.8
241.5
5.0
0.04
4.0
-0.141
-0.0792705
22.13
2322.0
242.5
4.88
-0.08
4.0
-0.139
-0.0805287
22.04
2323.5
241.8
5.0
0.03
4.0
-0.115
-0.0053015
22.08
2326.2
242.3
4.9
-0.07
4.0
-0.083
0.0163147
22.15
2329.2
243.1
4.95
-0.02
4.0
-0.069
-0.0160499
22.15
2331.5
243.2
5.05
0.08
4.0
-0.06
0.0440173
22.06
2332.9
242.3
4.95
-0.02
4.0
-0.033
0.096357
22.04
2334.9
242.2
4.99
0.03
4.0
-0.007
0.0752391
22.12
2338.0
243.0
4.99
0.02
4.0
0.013
0.113631
22.11
2340.0
242.9
5.03
0.06
4.0
0.038
0.155639
22.09
2342.0
242.7
4.95
-0.02
4.0
0.049
0.148291
22.03
2343.6
242.0
5.0
0.03
4.0
0.084
0.182154
22.14
2346.9
243.1
5.03
0.06
4.0
0.105
0.174707
22.19
2349.4
243.4
4.92
-0.05
4.0
0.109
0.180662
22.08
2350.5
242.3
4.87
-0.09
4.0
0.121
0.212631
22.01
2351.9
241.5
5.0
0.04
4.0
0.156
0.241548
22.2
2355.8
243.2
5.02
0.05
4.0
0.159
0.238064
22.08
2356.7
241.9
5.05
0.09
4.0
0.171
0.17721
22.18
2359.7
242.7
5.06
0.09
4.0
0.17
0.21028
22.11
2361.0
241.8
4.87
-0.1
4.0
0.19
0.220773
22.23
2364.3
242.9
5.04
0.08
4.0
0.2
0.20276
22.3
2367.1
243.4
4.87
-0.09
4.0
0.189
0.157013
22.26
2368.6
242.7
4.93
-0.03
4.0
0.19
0.176722
22.3
2371.1
242.9
4.88
-0.08
4.0
0.184
0.159692
22.28
2372.9
242.6
4.94
-0.02
4.0
0.179
0.100981
22.37
2375.9
243.3
4.86
-0.1
4.0
0.144
0.0562834
22.21
2376.4
241.6
5.03
0.07
4.0
0.139
0.0374008
22.39
2380.3
243.2
5.03
0.08
4.0
0.113
0.0581134
22.26
2381.1
241.8
4.96
0.0
4.0
0.095
-0.027744
22.33
2383.9
242.3
4.92
-0.04
4.0
0.063
-0.0367402
22.25
2385.3
241.5
4.94
-0.02
4.0
0.064
-0.0198206
22.43
2389.2
243.2
4.94
-0.01
4.0
0.036
-0.114208
22.43
2391.4
243.2
4.9
-0.05
4.0
0.011
-0.0721711
22.37
2393.0
242.5
4.97
0.02
4.0
-0.015
-0.126546
22.33
2394.9
242.2
4.92
-0.03
4.0
-0.025
-0.119142
22.43
2398.1
243.1
4.93
-0.01
4.0
-0.047
-0.133649
22.39
2400.0
242.8
4.87
-0.07
4.0
-0.065
-0.146356
22.35
2401.9
242.5
5.03
0.08
4.0
-0.082
-0.203314
22.43
2405.0
243.4
4.99
0.04
4.0
-0.108
-0.163543
22.28
2405.9
242.0
4.93
-0.02
4.0
-0.115
-0.190188
22.37
2409.1
243.0
4.91
-0.04
4.0
-0.126
-0.149899
22.32
2410.9
242.6
4.96
0.0
4.0
-0.138
-0.227448
22.35
2413.6
243.0
5.02
0.06
4.0
-0.158
-0.216224
22.29
2415.3
242.6
5.05
0.09
4.0
-0.16
-0.175587
22.28
2417.7
242.7
5.01
0.05
4.0
-0.164
-0.171516
22.24
2419.7
242.5
4.99
0.03
4.0
-0.166
-0.162956
22.22
2421.9
242.4
5.04
0.07
4.0
-0.164
-0.124635
22.18
2423.9
242.2
4.91
-0.06
4.0
-0.149
-0.100457
22.22
2426.6
242.7
5.0
0.03
4.0
-0.142
-0.104307
22.2
2428.7
242.6
5.08
0.1
4.0
-0.127
-0.0728719
22.23
2431.5
243.1
5.06
0.08
4.0
-0.134
-0.0840627
22.08
2432.3
241.7
4.97
-0.01
4.0
-0.113
-0.0736531
22.17
2435.6
242.8
5.0
0.02
4.0
-0.105
-0.0376336
22.12
2437.4
242.4
5.06
0.08
4.0
-0.099
-0.0407582
22.07
2439.1
241.9
5.02
0.04
4.0
-0.066
0.0315982
22.2
2442.7
243.3
4.96
-0.02
4.0
-0.049
0.0569859
22.13
2444.3
242.7
4.98
0.0
4.0
-0.021
0.0753037
22.19
2447.1
243.3
4.92
-0.06
4.0
-0.019
0.0716601
22.03
2447.8
241.7
5.06
0.07
4.0
0.02
0.143141
22.15
2451.2
243.0
4.9
-0.08
4.0
0.022
0.110827
22.01
2452.0
241.5
5.07
0.08
4.0
0.048
0.137377
22.08
2454.9
242.2
4.95
-0.03
4.0
0.071
0.148493
22.16
2457.8
242.9
4.88
-0.1
4.0
0.088
0.172642
22.14
2459.7
242.6
4.96
-0.02
4.0
0.105
0.152936
22.19
2462.4
243.1
4.91
-0.07
4.0
0.104
0.169312
22.06
2463.2
241.7
5.05
0.07
4.0
0.128
0.226698
22.12
2465.8
242.1
5.06
0.08
4.0
0.135
0.151593
22.14
2468.2
242.2
4.89
-0.09
4.0
0.156
0.211067
22.23
2471.1
242.9
4.9
-0.08
4.0
0.163
0.205385
22.22
2473.1
242.7
4.97
-0.0
4.0
0.154
0.157786
22.12
2474.1
241.5
5.04
0.07
4.0
0.156
0.142284
22.19
2476.9
242.1
5.03
0.06
4.0
0.165
0.126496
22.34
2480.5
243.4
5.04
0.07
4.0
0.165
0.158887
22.33
2482.4
243.2
5.05
0.08
4.0
0.147
0.1477
22.18
2483.0
241.5
5.03
0.07
4.0
0.148
0.132195
22.23
2485.6
241.9
5.0
0.03
4.0
0.146
0.0912329
22.33
2488.7
242.7
5.05
0.08
4.0
0.13
0.0370808
22.34
2490.9
242.7
4.92
-0.04
4.0
0.107
-0.0114191
22.37
2493.3
242.9
5.03
0.07
4.0
0.075
-0.00713233
22.25
2494.2
241.5
5.01
0.04
4.0
0.069
-0.0177467
22.37
2497.5
242.6
5.01
0.04
4.0
0.055
-0.0397931
22.4
2500.1
242.9
5.03
0.06
4.0
0.035
-0.0460883
22.38
2502.0
242.7
5.0
0.03
4.0
0.01
-0.0688339
22.3
2503.5
241.9
5.02
0.05
4.0
-0.02
-0.140902
22.27
2505.4
241.5
4.91
-0.06
4.0
-0.037
-0.119294
22.28
2507.8
241.7
4.98
0.01
4.0
-0.06
-0.182646
22.31
2510.4
242.0
5.0
0.03
4.0
-0.078
-0.158886
22.32
2512.7
242.2
5.01
0.04
4.0
-0.093
-0.196177
22.37
2515.5
242.7
5.0
0.03
4.0
-0.112
-0.174368
22.31
2517.3
242.3
5.03
0.07
4.0
-0.123
-0.213396
22.39
2520.4
243.2
5.03
0.06
4.0
-0.153
-0.210187
22.21
2521.0
241.5
5.02
0.05
4.0
-0.141
-0.164318
22.37
2525.0
243.3
4.88
-0.09
4.0
-0.155
-0.222388
22.35
2527.2
243.3
5.06
0.1
4.0
-0.168
-0.17817
22.25
2528.5
242.4
4.9
-0.07
4.0
-0.17
-0.141822
22.17
2530.2
241.8
4.92
-0.05
4.0
-0.163
-0.185156
22.3
2533.8
243.2
4.9
-0.07
4.0
-0.157
-0.131839
22.26
2535.8
243.0
5.05
0.08
4.0
-0.17
-0.14146
22.11
2536.7
241.6
5.05
0.08
4.0
-0.15
-0.0791435
22.15
2539.5
242.3
4.88
-0.1
4.0
-0.131
-0.0500919
22.17
2542.1
242.6
5.02
0.04
4.0
-0.134
-0.10442
22.08
2543.5
241.8
5.04
0.06
4.0
-0.123
-0.0653748
22.08
2545.8
241.9
5.01
0.03
4.0
-0.101
0.0104228
22.08
2548.2
242.1
4.97
-0.01
4.0
-0.078
-0.0101838
22.17
2551.3
243.0
5.02
0.05
4.0
-0.059
0.0175122
22.18
2553.7
243.2
4.99
0.01
4.0
-0.054
0.0486124
22.03
2554.5
241.8
4.97
-0.01
4.0
-0.033
0.0890415
22.01
2556.5
241.5
4.98
0.0
4.0
0.0
0.137414
22.06
2559.2
242.0
4.99
0.01
4.0
0.032
0.154352
22.11
2562.0
242.6
5.0
0.02
4.0
0.062
0.165246
22.17
2564.7
243.1
5.0
0.01
4.0
0.071
0.17869
22.06
2565.7
241.9
5.03
0.05
4.0
0.087
0.156194
22.08
2568.1
242.1
5.01
0.03
4.0
0.103
0.162414
22.11
2570.5
242.3
4.9
-0.08
4.0
0.13
0.20166
22.23
2573.8
243.3
4.92
-0.06
4.0
0.128
0.188882
22.1
2574.6
241.9
4.94
-0.04
4.0
0.145
0.221358
22.12
2576.9
242.0
4.91
-0.07
4.0
0.154
0.194261
22.13
2579.0
241.9
4.99
0.01
4.0
0.178
0.232594
22.27
2582.4
243.1
5.02
0.05
4.0
0.178
0.19446
22.21
2583.9
242.4
4.94
-0.04
4.0
0.186
0.185795
22.3
2586.8
243.1
4.93
-0.05
4.0
0.175
0.163585
22.21
2588.0
242.1
5.05
0.07
4.0
0.164
0.120269
22.22
2590.1
241.9
4.96
-0.01
4.0
0.162
0.130125
22.26
2592.6
242.2
4.98
0.01
4.0
0.155
0.0825973
22.34
2595.5
242.8
4.92
-0.05
4.0
0.139
0.0813899
22.32
2597.3
242.4
4.9
-0.07
4.0
0.127
0.0415196
22.35
2599.7
242.6
5.0
0.04
4.0
0.097
0.0276959
22.24
2600.8
241.5
4.9
-0.06
4.0
0.094
-0.0170364
22.43
2604.8
243.2
4.89
-0.07
4.0
0.065
-0.015645
22.3
2605.7
241.9
4.89
-0.08
4.0
0.044
-0.0763523
22.34
2608.3
242.2
4.93
-0.04
4.0
0.032
-0.0667299
22.42
2611.3
243.0
4.92
-0.04
4.0
0.007
-0.0454066
22.31
2612.4
241.9
4.87
-0.09
4.0
-0.017
-0.118071
22.3
2614.5
241.8
4.89
-0.06
4.0
-0.039
-0.148565
22.32
2617.0
242.0
5.02
0.06
4.0
-0.062
-0.152825
22.28
2618.9
241.6
4.9
-0.05
4.0
-0.069
-0.126061
22.33
2621.6
242.1
5.0
0.04
4.0
-0.09
-0.218508
22.37
2624.4
242.6
5.03
0.07
4.0
-0.1
-0.174641
22.42
2627.2
243.3
4.98
0.02
4.0
-0.126
-0.170094
22.26
2628.0
241.8
4.89
-0.07
4.0
-0.131
-0.213883
22.38
2631.5
243.1
5.01
0.05
4.0
-0.138
-0.162747
22.35
2633.6
242.9
5.05
0.09
4.0
-0.139
-0.160233
22.36
2636.1
243.2
4.97
0.0
4.0
-0.168
-0.226723
22.2
2636.8
241.7
5.06
0.09
4.0
-0.164
-0.208094
22.33
2640.5
243.2
4.99
0.02
4.0
-0.169
-0.202962
22.31
2642.8
243.2
4.95
-0.02
4.0
-0.178
-0.1379
22.16
2643.6
241.8
4.92
-0.05
4.0
-0.167
-0.16767
22.25
2647.0
242.9
5.0
0.03
4.0
-0.168
-0.114925
22.14
2648.3
242.0
4.94
-0.04
4.0
-0.155
-0.123898
22.19
2651.1
242.7
